n 66
m 2
tmax 2.5
-0.500 0.000 0 0.0 0.0898 0.1038 0.0899 0.1027 0.1262 0.1301 0.1163 0.1122 0.0463 0.0476 0.0626 0.0806 0.0977 0.1116 0.1004 0.1002 0.0472 0.0171 0.0209 0.0386 0.0548 0.0708 0.0826 0.1092 0.0497 0.0193 0.0111 0.0077 0.0145 0.0461 0.0685 0.0946 0.0536 0.0417 0.0189 0.0057 0.0094 0.0335 0.0649 0.0817 0.0819 0.0803 0.0415 0.0103 0.0085 0.0271 0.0558 0.0787 0.1032 0.0872 0.0437 0.0128 0.0078 0.0199 0.0417 0.0718 0.1052 0.0658 0.0302 0.0108 0.0068 0.0137 0.0277 0.0565 0.0048
-7.000 -7.000 35 0.0898 0.0 0.0047 0.0123 0.0279 0.0456 0.0526 0.0549 0.0611 0.0056 0.0219 0.0574 0.0588 0.0734 0.1007 0.1037 0.1028 0.0216 0.0352 0.0661 0.1062 0.1275 0.153 0.1693 0.1696 0.0463 0.0635 0.0507 0.0708 0.1474 0.2001 0.2012 0.2253 0.0814 0.0918 0.0694 0.0592 0.0851 0.169 0.2357 0.2386 0.0996 0.1109 0.1185 0.0908 0.0642 0.0977 0.1841 0.25 0.101 0.1263 0.1526 0.1314 0.0784 0.0692 0.1112 0.1902 0.1082 0.1335 0.1518 0.1502 0.1046 0.0703 0.0737 0.1227 0.0697
-7.000 -5.000 35 0.1038 0.0047 0.0 0.0075 0.024 0.0412 0.0474 0.0493 0.0554 0.0191 0.0278 0.0353 0.0357 0.0577 0.0855 0.0877 0.0875 0.045 0.057 0.0721 0.0775 0.086 0.1236 0.1434 0.1422 0.0785 0.077 0.068 0.0862 0.1357 0.1521 0.158 0.1944 0.1201 0.098 0.076 0.0788 0.1134 0.1799 0.1948 0.185 0.1341 0.1159 0.1168 0.0949 0.0884 0.1395 0.2102 0.2236 0.1337 0.1364 0.1512 0.1194 0.0857 0.1022 0.1653 0.2308 0.1417 0.1461 0.1548 0.1335 0.0935 0.0856 0.118 0.1875 0.0937
-7.000 -3.000 35 0.0899 0.0123 0.0075 0.0 0.0164 0.0318 0.0366 0.0378 0.0438 0.0439 0.0384 0.0181 0.0226 0.0478 0.0705 0.0695 0.0695 0.0772 0.0638 0.0513 0.0462 0.0677 0.1149 0.1251 0.1161 0.104 0.0716 0.0516 0.0657 0.1084 0.1242 0.15 0.183 0.1309 0.0791 0.0568 0.0631 0.1103 0.1554 0.1589 0.1733 0.1231 0.0958 0.094 0.0721 0.0884 0.1503 0.186 0.1806 0.1127 0.1205 0.1294 0.0854 0.0759 0.1217 0.1793 0.206 0.1206 0.1332 0.1331 0.0916 0.0709 0.0965 0.1491 0.2054 0.0848
-7.000 -1.000 35 0.1027 0.0279 0.024 0.0164 0.0 0.0133 0.0171 0.0185 0.0251 0.0705 0.0555 0.0238 0.0186 0.0335 0.0452 0.0417 0.0437 0.0943 0.0642 0.0442 0.044 0.0706 0.1003 0.0896 0.0756 0.1009 0.0572 0.0484 0.0786 0.1098 0.1274 0.1357 0.1479 0.1093 0.0612 0.0594 0.085 0.129 0.1537 0.1577 0.1668 0.0892 0.088 0.0978 0.0915 0.1222 0.1664 0.1813 0.1757 0.09 0.1247 0.1264 0.0978 0.1141 0.1582 0.1895 0.197 0.1153 0.1409 0.1247 0.0972 0.1075 0.1439 0.1805 0.211 0.1084
-7.000 1.000 35 0.1262 0.0456 0.0412 0.0318 0.0133 0.0 0.0045 0.0072 0.0148 0.0929 0.0717 0.0385 0.0303 0.0208 0.02 0.0186 0.0252 0.1052 0.0731 0.065 0.065 0.0727 0.0646 0.0462 0.0389 0.1041 0.0714 0.0807 0.1079 0.1187 0.1042 0.0892 0.0951 0.11 0.0858 0.1 0.1238 0.1482 0.1386 0.1176 0.1229 0.1023 0.13 0.1399 0.1327 0.1508 0.1629 0.1468 0.1332 0.1305 0.1748 0.1621 0.137 0.1491 0.1682 0.1656 0.1547 0.1733 0.1843 0.1536 0.1355 0.1463 0.1646 0.1706 0.18 0.1383
-7.000 3.000 35 0.1301 0.0526 0.0474 0.0366 0.0171 0.0045 0.0 0.0037 0.0122 0.1058 0.0822 0.051 0.043 0.0218 0.009 0.0086 0.0194 0.1161 0.0896 0.0891 0.084 0.0672 0.0384 0.0217 0.0243 0.1219 0.0999 0.1114 0.1283 0.1044 0.0701 0.0539 0.0642 0.1345 0.1236 0.1338 0.1393 0.1257 0.0988 0.0754 0.0953 0.1421 0.1753 0.1652 0.1387 0.1282 0.124 0.0954 0.1031 0.1898 0.211 0.173 0.1348 0.1282 0.1329 0.1096 0.1146 0.2274 0.2002 0.1539 0.1288 0.1273 0.1325 0.1144 0.1365 0.1348
-7.000 5.000 35 0.1163 0.0549 0.0493 0.0378 0.0185 0.0072 0.0037 0.0 0.0083 0.1146 0.0902 0.0608 0.0525 0.027 0.0099 0.008 0.0176 0.1281 0.1061 0.1078 0.0954 0.0655 0.0279 0.0169 0.0266 0.1419 0.1229 0.1327 0.1302 0.0866 0.0499 0.0473 0.058 0.1556 0.1465 0.1429 0.1287 0.0988 0.0743 0.071 0.0927 0.1742 0.1929 0.1559 0.1135 0.1015 0.0962 0.0877 0.1085 0.2164 0.2069 0.1428 0.1046 0.1042 0.1035 0.0992 0.1218 0.228 0.1694 0.1158 0.1002 0.105 0.1022 0.1025 0.1454 0.1161
-7.000 7.000 35 0.1122 0.0611 0.0554 0.0438 0.0251 0.0148 0.0122 0.0083 0.0 0.1272 0.1024 0.0742 0.0653 0.0375 0.0198 0.0166 0.0128 0.1449 0.1252 0.1264 0.108 0.071 0.0341 0.0276 0.0281 0.1624 0.1418 0.1444 0.134 0.0839 0.0578 0.062 0.0539 0.1712 0.1586 0.1416 0.1176 0.0986 0.085 0.09 0.0874 0.188 0.1924 0.1404 0.1046 0.1093 0.1086 0.1092 0.1042 0.216 0.1826 0.1232 0.1051 0.1159 0.1169 0.1234 0.1164 0.1995 0.137 0.1065 0.109 0.117 0.1169 0.1314 0.1387 0.108
-5.000 -7.000 35 0.0463 0.0056 0.0191 0.0439 0.0705 0.0929 0.1058 0.1146 0.1272 0.0 0.0173 0.0651 0.091 0.113 0.1531 0.1688 0.1746 0.017 0.0301 0.0372 0.064 0.1159 0.1629 0.1932 0.2118 0.0407 0.059 0.0478 0.0394 0.0774 0.144 0.1782 0.2162 0.0761 0.0848 0.0732 0.057 0.0499 0.0867 0.1486 0.1843 0.0923 0.1017 0.1198 0.1038 0.0635 0.0598 0.0979 0.1443 0.0926 0.1149 0.1467 0.1441 0.0962 0.0659 0.0695 0.1036 0.0995 0.1212 0.1409 0.1537 0.1265 0.0879 0.0672 0.077 0.0465
-5.000 -5.000 25 0.0476 0.0219 0.0278 0.0384 0.0555 0.0717 0.0822 0.0902 0.1024 0.0173 0.0 0.0443 0.0622 0.0832 0.1227 0.1371 0.1423 0.0317 0.0194 0.0307 0.0623 0.1055 0.1456 0.1713 0.1859 0.0583 0.0404 0.0242 0.0331 0.0923 0.1543 0.1752 0.2074 0.0951 0.0616 0.0377 0.0297 0.0471 0.1103 0.1761 0.1979 0.1022 0.0799 0.0822 0.0556 0.0329 0.0593 0.1257 0.182 0.0991 0.1004 0.1164 0.0865 0.0429 0.0386 0.0729 0.1331 0.1068 0.11 0.1192 0.1022 0.0597 0.037 0.0428 0.084 0.0355
-5.000 -3.000 25 0.0626 0.0574 0.0353 0.0181 0.0238 0.0385 0.051 0.0608 0.0742 0.0651 0.0443 0.0 0.0181 0.0454 0.087 0.1015 0.1072 0.0608 0.0331 0.024 0.038 0.0673 0.1069 0.1321 0.1452 0.0684 0.0346 0.0203 0.0409 0.0976 0.1285 0.1383 0.1727 0.086 0.0414 0.0262 0.0351 0.0738 0.1395 0.1687 0.1666 0.0722 0.0617 0.0653 0.046 0.0498 0.1045 0.1702 0.1916 0.0672 0.0892 0.1004 0.0611 0.0418 0.0702 0.1304 0.1895 0.0821 0.1029 0.1036 0.0682 0.0414 0.05 0.0894 0.1537 0.053
-5.000 -1.000 25 0.0806 0.0588 0.0357 0.0226 0.0186 0.0303 0.043 0.0525 0.0653 0.091 0.0622 0.0181 0.0 0.0328 0.072 0.0833 0.088 0.075 0.0437 0.0322 0.0292 0.0495 0.092 0.1127 0.1212 0.0737 0.0387 0.0362 0.061 0.0896 0.1038 0.1218 0.1596 0.0794 0.0473 0.048 0.0652 0.1023 0.1326 0.1348 0.1447 0.0667 0.0814 0.0862 0.0712 0.0924 0.1377 0.162 0.1564 0.0829 0.1196 0.1115 0.0771 0.0839 0.1233 0.1624 0.1796 0.1159 0.1324 0.1075 0.0762 0.078 0.1069 0.1453 0.1846 0.0843
-5.000 1.000 25 0.0977 0.0734 0.0577 0.0478 0.0335 0.0208 0.0218 0.027 0.0375 0.113 0.0832 0.0454 0.0328 0.0 0.0318 0.0398 0.0448 0.0972 0.0703 0.0652 0.053 0.0456 0.0605 0.0661 0.0696 0.0965 0.0688 0.0734 0.0874 0.0874 0.0851 0.092 0.1187 0.0984 0.0842 0.087 0.098 0.1129 0.114 0.1083 0.121 0.1008 0.1265 0.1204 0.103 0.1131 0.133 0.132 0.1256 0.1378 0.1631 0.1342 0.1043 0.1101 0.1343 0.1444 0.1453 0.1744 0.16 0.1209 0.1011 0.1068 0.1283 0.1435 0.1636 0.1062
-5.000 3.000 25 0.1116 0.1007 0.0855 0.0705 0.0452 0.02 0.009 0.0099 0.0198 0.1531 0.1227 0.087 0.072 0.0318 0.0 0.0096 0.0185 0.1402 0.116 0.1122 0.0924 0.0588 0.0291 0.0232 0.029 0.1432 0.1178 0.1199 0.1207 0.0855 0.0571 0.0523 0.0742 0.1446 0.1326 0.1269 0.1185 0.1023 0.0845 0.07 0.0916 0.1574 0.1769 0.1448 0.1112 0.1047 0.1083 0.0892 0.0945 0.1969 0.1932 0.1411 0.1055 0.1055 0.1159 0.1021 0.1068 0.214 0.1657 0.1187 0.1004 0.1052 0.1147 0.1055 0.1278 0.112
-5.000 5.000 25 0.1004 0.1037 0.0877 0.0695 0.0417 0.0186 0.0086 0.008 0.0166 0.1688 0.1371 0.1015 0.0833 0.0398 0.0096 0.0 0.0124 0.1603 0.1368 0.132 0.1061 0.063 0.0229 0.0109 0.0171 0.1633 0.1364 0.1326 0.1208 0.074 0.0436 0.0437 0.0553 0.16 0.1462 0.1277 0.1041 0.0864 0.0684 0.066 0.087 0.1743 0.1782 0.1282 0.0938 0.0927 0.0896 0.082 0.0999 0.2024 0.1696 0.113 0.0906 0.0968 0.0962 0.0928 0.1124 0.1879 0.1287 0.0934 0.0908 0.0975 0.0945 0.0956 0.1357 0.0982
-5.000 7.000 35 0.1002 0.1028 0.0875 0.0695 0.0437 0.0252 0.0194 0.0176 0.0128 0.1746 0.1423 0.1072 0.088 0.0448 0.0185 0.0124 0.0 0.1699 0.1468 0.1412 0.1124 0.068 0.0312 0.0186 0.0132 0.17 0.1419 0.1352 0.12 0.0763 0.0547 0.0545 0.0421 0.1616 0.1465 0.1229 0.1045 0.0941 0.0816 0.0805 0.0746 0.1773 0.1725 0.1216 0.0993 0.1075 0.1025 0.0977 0.0906 0.1925 0.1558 0.112 0.1039 0.1115 0.1083 0.1106 0.1023 0.1656 0.1184 0.1035 0.1067 0.1098 0.1068 0.1181 0.1245 0.0989
-3.000 -7.000 35 0.0472 0.0216 0.045 0.0772 0.0943 0.1052 0.1161 0.1281 0.1449 0.017 0.0317 0.0608 0.075 0.0972 0.1402 0.1603 0.1699 0.0 0.0293 0.0392 0.0451 0.0871 0.132 0.161 0.1834 0.022 0.042 0.0464 0.0433 0.0634 0.1102 0.1402 0.1733 0.0586 0.0634 0.0646 0.0635 0.0554 0.0729 0.1131 0.1394 0.072 0.078 0.1037 0.1081 0.0785 0.0674 0.0867 0.1133 0.0711 0.0891 0.1216 0.1371 0.1113 0.0854 0.0795 0.0961 0.0779 0.0949 0.1118 0.1325 0.1298 0.1083 0.0888 0.0868 0.0527
-3.000 -5.000 25 0.0171 0.0352 0.057 0.0638 0.0642 0.0731 0.0896 0.1061 0.1252 0.0301 0.0194 0.0331 0.0437 0.0703 0.116 0.1368 0.1468 0.0293 0.0 0.0082 0.0188 0.0647 0.1108 0.1398 0.1623 0.0423 0.0225 0.0128 0.0118 0.04 0.0913 0.1216 0.1556 0.073 0.0425 0.0305 0.0234 0.0218 0.0507 0.0978 0.1259 0.0728 0.0608 0.0754 0.0593 0.0305 0.0309 0.0634 0.0984 0.0698 0.0809 0.1055 0.0915 0.0521 0.0332 0.0408 0.071 0.0796 0.0901 0.1052 0.1028 0.0731 0.0452 0.0348 0.0475 0.0186
-3.000 -3.000 15 0.0209 0.0661 0.0721 0.0513 0.0442 0.065 0.0891 0.1078 0.1264 0.0372 0.0307 0.024 0.0322 0.0652 0.1122 0.132 0.1412 0.0392 0.0082 0.0 0.0174 0.0657 0.1107 0.1378 0.1593 0.0462 0.0128 0.003 0.0098 0.05 0.102 0.128 0.1607 0.0576 0.023 0.0143 0.0129 0.0256 0.0706 0.1207 0.1439 0.0451 0.0504 0.0575 0.032 0.0179 0.0399 0.0889 0.1286 0.0524 0.0814 0.0928 0.0517 0.022 0.0247 0.0535 0.0992 0.0758 0.0956 0.0956 0.0609 0.0293 0.0198 0.0306 0.0657 0.0166
-3.000 -1.000 15 0.0386 0.1062 0.0775 0.0462 0.044 0.065 0.084 0.0954 0.108 0.064 0.0623 0.038 0.0292 0.053 0.0924 0.1061 0.1124 0.0451 0.0188 0.0174 0.0 0.043 0.0833 0.107 0.1271 0.0482 0.0171 0.0127 0.0224 0.0583 0.0909 0.1062 0.1372 0.0477 0.0264 0.0236 0.025 0.0528 0.0971 0.1247 0.1311 0.0472 0.0669 0.0594 0.0318 0.041 0.0807 0.1253 0.145 0.0764 0.1017 0.0795 0.0381 0.0347 0.0612 0.1032 0.1443 0.1093 0.1064 0.0724 0.0374 0.0312 0.0465 0.0773 0.1248 0.0377
-3.000 1.000 15 0.0548 0.1275 0.086 0.0677 0.0706 0.0727 0.0672 0.0655 0.071 0.1159 0.1055 0.0673 0.0495 0.0456 0.0588 0.063 0.068 0.0871 0.0647 0.0657 0.043 0.0 0.0389 0.0609 0.0814 0.0853 0.0571 0.0544 0.0546 0.0437 0.0468 0.0609 0.0965 0.0818 0.0691 0.06 0.0577 0.0655 0.0745 0.0768 0.0834 0.0953 0.1131 0.085 0.0593 0.0648 0.0886 0.0998 0.0978 0.1323 0.1325 0.0899 0.0589 0.062 0.0867 0.1059 0.1174 0.1514 0.1148 0.0736 0.0555 0.0591 0.0795 0.0996 0.1274 0.0611
-3.000 3.000 15 0.0708 0.153 0.1236 0.1149 0.1003 0.0646 0.0384 0.0279 0.0341 0.1629 0.1456 0.1069 0.092 0.0605 0.0291 0.0229 0.0312 0.132 0.1108 0.1107 0.0833 0.0389 0.0 0.0228 0.0459 0.1248 0.097 0.0922 0.0836 0.0477 0.0251 0.0338 0.0711 0.1179 0.1057 0.0872 0.0726 0.0619 0.0535 0.0471 0.0646 0.1372 0.1396 0.0957 0.0646 0.0669 0.0769 0.0665 0.0682 0.1618 0.1362 0.0852 0.0621 0.0697 0.0838 0.0783 0.0842 0.153 0.1008 0.0669 0.0606 0.0706 0.0823 0.0803 0.1038 0.0682
-3.000 5.000 25 0.0826 0.1693 0.1434 0.1251 0.0896 0.0462 0.0217 0.0169 0.0276 0.1932 0.1713 0.1321 0.1127 0.0661 0.0232 0.0109 0.0186 0.161 0.1398 0.1378 0.107 0.0609 0.0228 0.0 0.0238 0.148 0.1197 0.1128 0.1005 0.0612 0.0336 0.0307 0.0546 0.1367 0.1229 0.0983 0.0812 0.072 0.0548 0.048 0.0703 0.1562 0.148 0.0969 0.074 0.0782 0.0728 0.0622 0.0775 0.1648 0.1293 0.0866 0.0747 0.0802 0.0772 0.0719 0.0893 0.1379 0.0925 0.0745 0.0751 0.0786 0.0744 0.0739 0.1121 0.0776
-3.000 7.000 35 0.1092 0.1696 0.1422 0.1161 0.0756 0.0389 0.0243 0.0266 0.0281 0.2118 0.1859 0.1452 0.1212 0.0696 0.029 0.0171 0.0132 0.1834 0.1623 0.1593 0.1271 0.0814 0.0459 0.0238 0.0 0.171 0.1435 0.1371 0.1255 0.089 0.0643 0.0524 0.0332 0.1605 0.1473 0.1222 0.1085 0.1021 0.0815 0.069 0.0612 0.1832 0.1709 0.1222 0.1051 0.1054 0.0934 0.0822 0.0748 0.1825 0.1472 0.113 0.1038 0.1029 0.0944 0.0934 0.0856 0.1498 0.1138 0.1023 0.0999 0.0963 0.0906 0.1006 0.1075 0.1076
-1.000 -7.000 35 0.0497 0.0463 0.0785 0.104 0.1009 0.1041 0.1219 0.1419 0.1624 0.0407 0.0583 0.0684 0.0737 0.0965 0.1432 0.1633 0.17 0.022 0.0423 0.0462 0.0482 0.0853 0.1248 0.148 0.171 0.0 0.0334 0.0442 0.0443 0.0571 0.0944 0.1206 0.1466 0.036 0.0414 0.0548 0.0673 0.0627 0.0725 0.1017 0.1208 0.0429 0.0498 0.0815 0.1062 0.0913 0.0818 0.0929 0.1097 0.0408 0.0572 0.0882 0.1139 0.1122 0.1003 0.0955 0.1046 0.0478 0.0623 0.075 0.0957 0.1095 0.1097 0.1037 0.1035 0.0582
-1.000 -5.000 25 0.0193 0.0635 0.077 0.0716 0.0572 0.0714 0.0999 0.1229 0.1418 0.059 0.0404 0.0346 0.0387 0.0688 0.1178 0.1364 0.1419 0.042 0.0225 0.0128 0.0171 0.0571 0.097 0.1197 0.1435 0.0334 0.0 0.0103 0.0132 0.0295 0.0688 0.0957 0.1225 0.0416 0.0185 0.0245 0.0319 0.0284 0.0426 0.0749 0.0957 0.0353 0.0379 0.0649 0.0703 0.0485 0.0423 0.0591 0.0802 0.0373 0.0579 0.0873 0.0936 0.0714 0.0551 0.0532 0.0683 0.0518 0.0669 0.0832 0.0939 0.0861 0.0692 0.0575 0.06 0.0249
-1.000 -3.000 15 0.0111 0.0507 0.068 0.0516 0.0484 0.0807 0.1114 0.1327 0.1444 0.0478 0.0242 0.0203 0.0362 0.0734 0.1199 0.1326 0.1352 0.0464 0.0128 0.003 0.0127 0.0544 0.0922 0.1128 0.1371 0.0442 0.0103 0.0 0.0054 0.0255 0.066 0.0923 0.1192 0.0404 0.0214 0.0151 0.0144 0.015 0.0362 0.0717 0.0934 0.0408 0.0551 0.0605 0.0387 0.0205 0.0245 0.0502 0.0763 0.0609 0.0859 0.0929 0.0594 0.0315 0.0233 0.033 0.0581 0.0878 0.097 0.0933 0.0672 0.0415 0.027 0.0248 0.0395 0.012
-1.000 -1.000 5 0.0077 0.0708 0.0862 0.0657 0.0786 0.1079 0.1283 0.1302 0.134 0.0394 0.0331 0.0409 0.061 0.0874 0.1207 0.1208 0.12 0.0433 0.0118 0.0098 0.0224 0.0546 0.0836 0.1005 0.1255 0.0443 0.0132 0.0054 0.0 0.0242 0.063 0.0868 0.1132 0.0452 0.0324 0.0169 0.007 0.0136 0.0416 0.0765 0.0958 0.0642 0.0758 0.0491 0.0167 0.0105 0.0279 0.061 0.0874 0.0944 0.098 0.0627 0.0238 0.0104 0.0184 0.0407 0.0735 0.1163 0.0907 0.0533 0.0235 0.0108 0.0124 0.0246 0.053 0.0081
-1.000 1.000 5 0.0145 0.1474 0.1357 0.1084 0.1098 0.1187 0.1044 0.0866 0.0839 0.0774 0.0923 0.0976 0.0896 0.0874 0.0855 0.074 0.0763 0.0634 0.04 0.05 0.0583 0.0437 0.0477 0.0612 0.089 0.0571 0.0295 0.0255 0.0242 0.0 0.0325 0.0531 0.0799 0.0605 0.0494 0.0286 0.0161 0.0177 0.0382 0.0613 0.0737 0.0872 0.0864 0.0429 0.0167 0.0187 0.0423 0.067 0.0816 0.1085 0.0859 0.0414 0.0166 0.0178 0.038 0.0608 0.0874 0.1031 0.0587 0.0263 0.0143 0.0164 0.0314 0.0496 0.0809 0.0153
-1.000 3.000 15 0.0461 0.2001 0.1521 0.1242 0.1274 0.1042 0.0701 0.0499 0.0578 0.144 0.1543 0.1285 0.1038 0.0851 0.0571 0.0436 0.0547 0.1102 0.0913 0.102 0.0909 0.0468 0.0251 0.0336 0.0643 0.0944 0.0688 0.066 0.063 0.0325 0.0 0.0211 0.0519 0.0919 0.0796 0.0543 0.0401 0.0354 0.0292 0.0313 0.0426 0.1174 0.1063 0.0577 0.0351 0.0409 0.0504 0.0491 0.0528 0.12 0.0869 0.0488 0.0356 0.0439 0.0559 0.0576 0.0696 0.0954 0.054 0.0355 0.036 0.0446 0.0538 0.0572 0.083 0.0402
-1.000 5.000 25 0.0685 0.2012 0.158 0.15 0.1357 0.0892 0.0539 0.0473 0.062 0.1782 0.1752 0.1383 0.1218 0.092 0.0523 0.0437 0.0545 0.1402 0.1216 0.128 0.1062 0.0609 0.0338 0.0307 0.0524 0.1206 0.0957 0.0923 0.0868 0.0531 0.0211 0.0 0.0347 0.1154 0.1021 0.0747 0.061 0.0543 0.0319 0.0171 0.0301 0.1401 0.1235 0.075 0.0558 0.0567 0.0453 0.0331 0.0394 0.1296 0.0957 0.0638 0.054 0.0544 0.0484 0.0434 0.0553 0.0973 0.0641 0.0533 0.052 0.0508 0.0456 0.0456 0.0791 0.0618
-1.000 7.000 35 0.0946 0.2253 0.1944 0.183 0.1479 0.0951 0.0642 0.058 0.0539 0.2162 0.2074 0.1727 0.1596 0.1187 0.0742 0.0553 0.0421 0.1733 0.1556 0.1607 0.1372 0.0965 0.0711 0.0546 0.0332 0.1466 0.1225 0.1192 0.1132 0.0799 0.0519 0.0347 0.0 0.1386 0.1249 0.0965 0.0835 0.0757 0.0498 0.0313 0.0224 0.1596 0.1396 0.091 0.0723 0.0687 0.0534 0.0426 0.0362 0.1364 0.1029 0.0743 0.0642 0.0607 0.0534 0.0543 0.048 0.0999 0.0712 0.0617 0.0575 0.0533 0.0506 0.0629 0.0708 0.0849
1.000 -7.000 35 0.0536 0.0814 0.1201 0.1309 0.1093 0.11 0.1345 0.1556 0.1712 0.0761 0.0951 0.086 0.0794 0.0984 0.1446 0.16 0.1616 0.0586 0.073 0.0576 0.0477 0.0818 0.1179 0.1367 0.1605 0.036 0.0416 0.0404 0.0452 0.0605 0.0919 0.1154 0.1386 0.0 0.0162 0.0396 0.0706 0.0742 0.0825 0.1094 0.1262 0.0064 0.0163 0.0533 0.0901 0.0921 0.0921 0.1047 0.1202 0.0082 0.0223 0.0484 0.0742 0.0857 0.0899 0.0953 0.1085 0.0185 0.0296 0.0365 0.0497 0.065 0.0754 0.0824 0.0908 0.0658
1.000 -5.000 25 0.0417 0.0918 0.098 0.0791 0.0612 0.0858 0.1236 0.1465 0.1586 0.0848 0.0616 0.0414 0.0473 0.0842 0.1326 0.1462 0.1465 0.0634 0.0425 0.023 0.0264 0.0691 0.1057 0.1229 0.1473 0.0414 0.0185 0.0214 0.0324 0.0494 0.0796 0.1021 0.1249 0.0162 0.0 0.0279 0.056 0.0572 0.0655 0.0925 0.1091 0.0142 0.0218 0.0518 0.0773 0.0728 0.0712 0.0841 0.1003 0.0231 0.0404 0.063 0.0811 0.0797 0.0758 0.0776 0.0901 0.0407 0.0486 0.0567 0.0687 0.0743 0.0754 0.0744 0.0787 0.0511
1.000 -3.000 15 0.0189 0.0694 0.076 0.0568 0.0594 0.1 0.1338 0.1429 0.1416 0.0732 0.0377 0.0262 0.048 0.087 0.1269 0.1277 0.1229 0.0646 0.0305 0.0143 0.0236 0.06 0.0872 0.0983 0.1222 0.0548 0.0245 0.0151 0.0169 0.0286 0.0543 0.0747 0.0965 0.0396 0.0279 0.0 0.0208 0.0204 0.0305 0.0586 0.0757 0.0492 0.0519 0.0426 0.0376 0.0282 0.0289 0.0448 0.0631 0.0652 0.071 0.067 0.0505 0.035 0.029 0.033 0.0494 0.0826 0.074 0.0637 0.0521 0.0398 0.0322 0.0278 0.0348 0.0202
1.000 -1.000 5 0.0057 0.0592 0.0788 0.0631 0.085 0.1238 0.1393 0.1287 0.1176 0.057 0.0297 0.0351 0.0652 0.098 0.1185 0.1041 0.1045 0.0635 0.0234 0.0129 0.025 0.0577 0.0726 0.0812 0.1085 0.0673 0.0319 0.0144 0.007 0.0161 0.0401 0.061 0.0835 0.0706 0.056 0.0208 0.0 0.004 0.019 0.0489 0.0664 0.0879 0.079 0.0381 0.01 0.0044 0.0123 0.0328 0.0535 0.0962 0.0786 0.0423 0.0158 0.0059 0.0079 0.0189 0.041 0.0935 0.0602 0.0325 0.0149 0.0068 0.0056 0.0098 0.0245 0.0029
1.000 1.000 5 0.0094 0.0851 0.1134 0.1103 0.129 0.1482 0.1257 0.0988 0.0986 0.0499 0.0471 0.0738 0.1023 0.1129 0.1023 0.0864 0.0941 0.0554 0.0218 0.0256 0.0528 0.0655 0.0619 0.072 0.1021 0.0627 0.0284 0.015 0.0136 0.0177 0.0354 0.0543 0.0757 0.0742 0.0572 0.0204 0.004 0.0 0.0183 0.0465 0.0625 0.094 0.0771 0.0298 0.0048 0.0043 0.0163 0.037 0.0561 0.0849 0.056 0.0218 0.0052 0.0051 0.0141 0.0285 0.052 0.0644 0.0286 0.0103 0.004 0.0046 0.0105 0.0196 0.0412 0.0035
1.000 3.000 15 0.0335 0.169 0.1799 0.1554 0.1537 0.1386 0.0988 0.0743 0.085 0.0867 0.1103 0.1395 0.1326 0.114 0.0845 0.0684 0.0816 0.0729 0.0507 0.0706 0.0971 0.0745 0.0535 0.0548 0.0815 0.0725 0.0426 0.0362 0.0416 0.0382 0.0292 0.0319 0.0498 0.0825 0.0655 0.0305 0.019 0.0183 0.0 0.0225 0.037 0.1017 0.0818 0.0354 0.0162 0.0173 0.019 0.0265 0.0399 0.0787 0.0499 0.0231 0.0144 0.0185 0.0241 0.0295 0.0477 0.0507 0.0227 0.0149 0.0142 0.0183 0.0225 0.0271 0.0512 0.0228
1.000 5.000 25 0.0649 0.2357 0.1948 0.1589 0.1577 0.1176 0.0754 0.071 0.09 0.1486 0.1761 0.1687 0.1348 0.1083 0.07 0.066 0.0805 0.1131 0.0978 0.1207 0.1247 0.0768 0.0471 0.048 0.069 0.1017 0.0749 0.0717 0.0765 0.0613 0.0313 0.0171 0.0313 0.1094 0.0925 0.0586 0.0489 0.0465 0.0225 0.0 0.0178 0.124 0.1021 0.0564 0.0387 0.0366 0.0255 0.0158 0.0235 0.0907 0.0634 0.0406 0.033 0.0317 0.0269 0.0252 0.0401 0.0602 0.037 0.0305 0.0289 0.0272 0.0245 0.0271 0.0605 0.0524
1.000 7.000 35 0.0817 0.2386 0.185 0.1733 0.1668 0.1229 0.0953 0.0927 0.0874 0.1843 0.1979 0.1666 0.1447 0.121 0.0916 0.087 0.0746 0.1394 0.1259 0.1439 0.1311 0.0834 0.0646 0.0703 0.0612 0.1208 0.0957 0.0934 0.0958 0.0737 0.0426 0.0301 0.0224 0.1262 0.1091 0.0757 0.0664 0.0625 0.037 0.0178 0.0 0.1374 0.1145 0.0694 0.0527 0.0495 0.0365 0.0238 0.0148 0.0965 0.0708 0.0504 0.0429 0.0398 0.0344 0.0352 0.0281 0.0647 0.0443 0.0385 0.0356 0.0332 0.0328 0.0449 0.052 0.0701
3.000 -7.000 35 0.0819 0.0996 0.1341 0.1231 0.0892 0.1023 0.1421 0.1742 0.188 0.0923 0.1022 0.0722 0.0667 0.1008 0.1574 0.1743 0.1773 0.072 0.0728 0.0451 0.0472 0.0953 0.1372 0.1562 0.1832 0.0429 0.0353 0.0408 0.0642 0.0872 0.1174 0.1401 0.1596 0.0064 0.0142 0.0492 0.0879 0.094 0.1017 0.124 0.1374 0.0 0.0099 0.0436 0.0799 0.0832 0.0834 0.0947 0.1081 0.004 0.0129 0.029 0.0437 0.0511 0.0561 0.0627 0.076 0.0163 0.0229 0.0233 0.0262 0.0313 0.0364 0.0414 0.0487 0.0921
3.000 -5.000 25 0.0803 0.1109 0.1159 0.0958 0.088 0.13 0.1753 0.1929 0.1924 0.1017 0.0799 0.0617 0.0814 0.1265 0.1769 0.1782 0.1725 0.078 0.0608 0.0504 0.0669 0.1131 0.1396 0.148 0.1709 0.0498 0.0379 0.0551 0.0758 0.0864 0.1063 0.1235 0.1396 0.0163 0.0218 0.0519 0.079 0.0771 0.0818 0.1021 0.1145 0.0099 0.0 0.034 0.0648 0.0642 0.0633 0.0743 0.0876 0.0141 0.0157 0.0271 0.0396 0.0443 0.047 0.052 0.0648 0.0297 0.0239 0.0222 0.0256 0.0302 0.0339 0.0373 0.0437 0.0822
3.000 -3.000 15 0.0415 0.1185 0.1168 0.094 0.0978 0.1399 0.1652 0.1559 0.1404 0.1198 0.0822 0.0653 0.0862 0.1204 0.1448 0.1282 0.1216 0.1037 0.0754 0.0575 0.0594 0.085 0.0957 0.0969 0.1222 0.0815 0.0649 0.0605 0.0491 0.0429 0.0577 0.075 0.091 0.0533 0.0518 0.0426 0.0381 0.0298 0.0354 0.0564 0.0694 0.0436 0.034 0.0 0.0231 0.0209 0.0213 0.0336 0.0479 0.0392 0.029 0.0188 0.0183 0.017 0.017 0.0209 0.034 0.0441 0.0265 0.0164 0.015 0.0126 0.0126 0.0134 0.019 0.0358
3.000 -1.000 15 0.0103 0.0908 0.0949 0.0721 0.0915 0.1327 0.1387 0.1135 0.1046 0.1038 0.0556 0.046 0.0712 0.103 0.1112 0.0938 0.0993 0.1081 0.0593 0.032 0.0318 0.0593 0.0646 0.074 0.1051 0.1062 0.0703 0.0387 0.0167 0.0167 0.0351 0.0558 0.0723 0.0901 0.0773 0.0376 0.01 0.0048 0.0162 0.0387 0.0527 0.0799 0.0648 0.0231 0.0 0.0021 0.0066 0.0211 0.0367 0.0565 0.0373 0.0159 0.0045 0.0021 0.0036 0.0093 0.0249 0.0465 0.0212 0.0095 0.0038 0.002 0.0018 0.0036 0.0116 0.0071
3.000 1.000 15 0.0085 0.0642 0.0884 0.0884 0.1222 0.1508 0.1282 0.1015 0.1093 0.0635 0.0329 0.0498 0.0924 0.1131 0.1047 0.0927 0.1075 0.0785 0.0305 0.0179 0.041 0.0648 0.0669 0.0782 0.1054 0.0913 0.0485 0.0205 0.0105 0.0187 0.0409 0.0567 0.0687 0.0921 0.0728 0.0282 0.0044 0.0043 0.0173 0.0366 0.0495 0.0832 0.0642 0.0209 0.0021 0.0 0.0067 0.0214 0.037 0.0495 0.0289 0.0098 0.0017 0.0011 0.0044 0.0113 0.029 0.0326 0.0103 0.0031 0.001 0.001 0.0028 0.006 0.0175 0.0042
3.000 3.000 15 0.0271 0.0977 0.1395 0.1503 0.1664 0.1629 0.124 0.0962 0.1086 0.0598 0.0593 0.1045 0.1377 0.133 0.1083 0.0896 0.1025 0.0674 0.0309 0.0399 0.0807 0.0886 0.0769 0.0728 0.0934 0.0818 0.0423 0.0245 0.0279 0.0423 0.0504 0.0453 0.0534 0.0921 0.0712 0.0289 0.0123 0.0163 0.019 0.0255 0.0365 0.0834 0.0633 0.0213 0.0066 0.0067 0.0 0.0126 0.028 0.045 0.0258 0.0102 0.0049 0.0051 0.0059 0.0098 0.0285 0.0265 0.0081 0.0041 0.0035 0.0046 0.0055 0.0078 0.0237 0.0169
3.000 5.000 25 0.0558 0.1841 0.2102 0.186 0.1813 0.1468 0.0954 0.0877 0.1092 0.0979 0.1257 0.1702 0.162 0.132 0.0892 0.082 0.0977 0.0867 0.0634 0.0889 0.1253 0.0998 0.0665 0.0622 0.0822 0.0929 0.0591 0.0502 0.061 0.067 0.0491 0.0331 0.0426 0.1047 0.0841 0.0448 0.0328 0.037 0.0265 0.0158 0.0238 0.0947 0.0743 0.0336 0.0211 0.0214 0.0126 0.0 0.017 0.0511 0.0329 0.0189 0.0142 0.0131 0.0097 0.009 0.0269 0.031 0.0146 0.0113 0.0101 0.0089 0.0079 0.0108 0.0391 0.0413
3.000 7.000 35 0.0787 0.25 0.2236 0.1806 0.1757 0.1332 0.1031 0.1085 0.1042 0.1443 0.182 0.1916 0.1564 0.1256 0.0945 0.0999 0.0906 0.1133 0.0984 0.1286 0.145 0.0978 0.0682 0.0775 0.0748 0.1097 0.0802 0.0763 0.0874 0.0816 0.0528 0.0394 0.0362 0.1202 0.1003 0.0631 0.0535 0.0561 0.0399 0.0235 0.0148 0.1081 0.0876 0.0479 0.0367 0.037 0.028 0.017 0.0 0.0607 0.0434 0.0308 0.0267 0.0258 0.0234 0.0244 0.0162 0.0394 0.0246 0.022 0.0214 0.0214 0.0238 0.034 0.0405 0.0625
5.000 -7.000 35 0.1032 0.101 0.1337 0.1127 0.09 0.1305 0.1898 0.2164 0.216 0.0926 0.0991 0.0672 0.0829 0.1378 0.1969 0.2024 0.1925 0.0711 0.0698 0.0524 0.0764 0.1323 0.1618 0.1648 0.1825 0.0408 0.0373 0.0609 0.0944 0.1085 0.12 0.1296 0.1364 0.0082 0.0231 0.0652 0.0962 0.0849 0.0787 0.0907 0.0965 0.004 0.0141 0.0392 0.0565 0.0495 0.045 0.0511 0.0607 0.0 0.0111 0.0214 0.0257 0.0252 0.0247 0.0266 0.0339 0.0143 0.0203 0.0193 0.0179 0.0174 0.0174 0.0178 0.0204 0.0975
5.000 -5.000 25 0.0872 0.1263 0.1364 0.1205 0.1247 0.1748 0.211 0.2069 0.1826 0.1149 0.1004 0.0892 0.1196 0.1631 0.1932 0.1696 0.1558 0.0891 0.0809 0.0814 0.1017 0.1325 0.1362 0.1293 0.1472 0.0572 0.0579 0.0859 0.098 0.0859 0.0869 0.0957 0.1029 0.0223 0.0404 0.071 0.0786 0.056 0.0499 0.0634 0.0708 0.0129 0.0157 0.029 0.0373 0.0289 0.0258 0.0329 0.0434 0.0111 0.0 0.009 0.0128 0.0122 0.0119 0.0141 0.0219 0.022 0.0097 0.0062 0.006 0.0062 0.0066 0.0072 0.0104 0.0739
5.000 -3.000 25 0.0437 0.1526 0.1512 0.1294 0.1264 0.1621 0.173 0.1428 0.1232 0.1467 0.1164 0.1004 0.1115 0.1342 0.1411 0.113 0.112 0.1216 0.1055 0.0928 0.0795 0.0899 0.0852 0.0866 0.113 0.0882 0.0873 0.0929 0.0627 0.0414 0.0488 0.0638 0.0743 0.0484 0.063 0.067 0.0423 0.0218 0.0231 0.0406 0.0504 0.029 0.0271 0.0188 0.0159 0.0098 0.0102 0.0189 0.0308 0.0214 0.009 0.0 0.0038 0.0035 0.0036 0.0062 0.0148 0.0242 0.0063 0.0017 0.0015 0.0016 0.0018 0.0022 0.0058 0.0351
5.000 -1.000 25 0.0128 0.1314 0.1194 0.0854 0.0978 0.137 0.1348 0.1046 0.1051 0.1441 0.0865 0.0611 0.0771 0.1043 0.1055 0.0906 0.1039 0.1371 0.0915 0.0517 0.0381 0.0589 0.0621 0.0747 0.1038 0.1139 0.0936 0.0594 0.0238 0.0166 0.0356 0.054 0.0642 0.0742 0.0811 0.0505 0.0158 0.0052 0.0144 0.033 0.0429 0.0437 0.0396 0.0183 0.0045 0.0017 0.0049 0.0142 0.0267 0.0257 0.0128 0.0038 0.0 0.0004 0.0012 0.0042 0.0138 0.0216 0.0047 0.0011 0.0003 0.0002 0.0004 0.001 0.0054 0.0091
5.000 1.000 25 0.0078 0.0784 0.0857 0.0759 0.1141 0.1491 0.1282 0.1042 0.1159 0.0962 0.0429 0.0418 0.0839 0.1101 0.1055 0.0968 0.1115 0.1113 0.0521 0.022 0.0347 0.062 0.0697 0.0802 0.1029 0.1122 0.0714 0.0315 0.0104 0.0178 0.0439 0.0544 0.0607 0.0857 0.0797 0.035 0.0059 0.0051 0.0185 0.0317 0.0398 0.0511 0.0443 0.017 0.0021 0.0011 0.0051 0.0131 0.0258 0.0252 0.0122 0.0035 0.0004 0.0 0.0012 0.0043 0.0153 0.0181 0.003 0.0006 0.0001 0.0001 0.0005 0.0013 0.0073 0.0044
5.000 3.000 25 0.0199 0.0692 0.1022 0.1217 0.1582 0.1682 0.1329 0.1035 0.1169 0.0659 0.0386 0.0702 0.1233 0.1343 0.1159 0.0962 0.1083 0.0854 0.0332 0.0247 0.0612 0.0867 0.0838 0.0772 0.0944 0.1003 0.0551 0.0233 0.0184 0.038 0.0559 0.0484 0.0534 0.0899 0.0758 0.029 0.0079 0.0141 0.0241 0.0269 0.0344 0.0561 0.047 0.017 0.0036 0.0044 0.0059 0.0097 0.0234 0.0247 0.0119 0.0036 0.0012 0.0012 0.0 0.0028 0.0163 0.0162 0.0026 0.0009 0.0006 0.0006 0.0007 0.0013 0.0099 0.012
5.000 5.000 25 0.0417 0.1112 0.1653 0.1793 0.1895 0.1656 0.1096 0.0992 0.1234 0.0695 0.0729 0.1304 0.1624 0.1444 0.1021 0.0928 0.1106 0.0795 0.0408 0.0535 0.1032 0.1059 0.0783 0.0719 0.0934 0.0955 0.0532 0.033 0.0407 0.0608 0.0576 0.0434 0.0543 0.0953 0.0776 0.033 0.0189 0.0285 0.0295 0.0252 0.0352 0.0627 0.052 0.0209 0.0093 0.0113 0.0098 0.009 0.0244 0.0266 0.0141 0.0062 0.0042 0.0043 0.0028 0.0 0.0189 0.0166 0.004 0.0024 0.0021 0.0018 0.0014 0.0023 0.0178 0.0277
5.000 7.000 35 0.0718 0.1902 0.2308 0.206 0.197 0.1547 0.1146 0.1218 0.1164 0.1036 0.1331 0.1895 0.1796 0.1453 0.1068 0.1124 0.1023 0.0961 0.071 0.0992 0.1443 0.1174 0.0842 0.0893 0.0856 0.1046 0.0683 0.0581 0.0735 0.0874 0.0696 0.0553 0.048 0.1085 0.0901 0.0494 0.041 0.052 0.0477 0.0401 0.0281 0.076 0.0648 0.034 0.0249 0.029 0.0285 0.0269 0.0162 0.0339 0.0219 0.0148 0.0138 0.0153 0.0163 0.0189 0.0 0.0234 0.0119 0.0111 0.0116 0.0126 0.0143 0.019 0.021 0.0538
7.000 -7.000 35 0.1052 0.1082 0.1417 0.1206 0.1153 0.1733 0.2274 0.228 0.1995 0.0995 0.1068 0.0821 0.1159 0.1744 0.214 0.1879 0.1656 0.0779 0.0796 0.0758 0.1093 0.1514 0.153 0.1379 0.1498 0.0478 0.0518 0.0878 0.1163 0.1031 0.0954 0.0973 0.0999 0.0185 0.0407 0.0826 0.0935 0.0644 0.0507 0.0602 0.0647 0.0163 0.0297 0.0441 0.0465 0.0326 0.0265 0.031 0.0394 0.0143 0.022 0.0242 0.0216 0.0181 0.0162 0.0166 0.0234 0.0 0.0158 0.016 0.0135 0.0121 0.0112 0.0108 0.0117 0.0899
7.000 -5.000 35 0.0658 0.1335 0.1461 0.1332 0.1409 0.1843 0.2002 0.1694 0.137 0.1212 0.11 0.1029 0.1324 0.16 0.1657 0.1287 0.1184 0.0949 0.0901 0.0956 0.1064 0.1148 0.1008 0.0925 0.1138 0.0623 0.0669 0.097 0.0907 0.0587 0.054 0.0641 0.0712 0.0296 0.0486 0.074 0.0602 0.0286 0.0227 0.037 0.0443 0.0229 0.0239 0.0265 0.0212 0.0103 0.0081 0.0146 0.0246 0.0203 0.0097 0.0063 0.0047 0.003 0.0026 0.004 0.0119 0.0158 0.0 0.0019 0.0013 0.001 0.0009 0.001 0.0024 0.0499
7.000 -3.000 35 0.0302 0.1518 0.1548 0.1331 0.1247 0.1536 0.1539 0.1158 0.1065 0.1409 0.1192 0.1036 0.1075 0.1209 0.1187 0.0934 0.1035 0.1118 0.1052 0.0956 0.0724 0.0736 0.0669 0.0745 0.1023 0.075 0.0832 0.0933 0.0533 0.0263 0.0355 0.0533 0.0617 0.0365 0.0567 0.0637 0.0325 0.0103 0.0149 0.0305 0.0385 0.0233 0.0222 0.0164 0.0095 0.0031 0.0041 0.0113 0.022 0.0193 0.0062 0.0017 0.0011 0.0006 0.0009 0.0024 0.0111 0.016 0.0019 0.0 0.0001 0.0001 0.0001 0.0003 0.0019 0.0222
7.000 -1.000 35 0.0108 0.1502 0.1335 0.0916 0.0972 0.1355 0.1288 0.1002 0.109 0.1537 0.1022 0.0682 0.0762 0.1011 0.1004 0.0908 0.1067 0.1325 0.1028 0.0609 0.0374 0.0555 0.0606 0.0751 0.0999 0.0957 0.0939 0.0672 0.0235 0.0143 0.036 0.052 0.0575 0.0497 0.0687 0.0521 0.0149 0.004 0.0142 0.0289 0.0356 0.0262 0.0256 0.015 0.0038 0.001 0.0035 0.0101 0.0214 0.0179 0.006 0.0015 0.0003 0.0001 0.0006 0.0021 0.0116 0.0135 0.0013 0.0001 0.0 0.0 0.0001 0.0003 0.0021 0.0075
7.000 1.000 35 0.0068 0.1046 0.0935 0.0709 0.1075 0.1463 0.1273 0.105 0.117 0.1265 0.0597 0.0414 0.078 0.1068 0.1052 0.0975 0.1098 0.1298 0.0731 0.0293 0.0312 0.0591 0.0706 0.0786 0.0963 0.1095 0.0861 0.0415 0.0108 0.0164 0.0446 0.0508 0.0533 0.065 0.0743 0.0398 0.0068 0.0046 0.0183 0.0272 0.0332 0.0313 0.0302 0.0126 0.002 0.001 0.0046 0.0089 0.0214 0.0174 0.0062 0.0016 0.0002 0.0001 0.0006 0.0018 0.0126 0.0121 0.001 0.0001 0.0 0.0 0.0001 0.0003 0.0026 0.0041
7.000 3.000 35 0.0137 0.0703 0.0856 0.0965 0.1439 0.1646 0.1325 0.1022 0.1169 0.0879 0.037 0.05 0.1069 0.1283 0.1147 0.0945 0.1068 0.1083 0.0452 0.0198 0.0465 0.0795 0.0823 0.0744 0.0906 0.1097 0.0692 0.027 0.0124 0.0314 0.0538 0.0456 0.0506 0.0754 0.0754 0.0322 0.0056 0.0105 0.0225 0.0245 0.0328 0.0364 0.0339 0.0126 0.0018 0.0028 0.0055 0.0079 0.0238 0.0174 0.0066 0.0018 0.0004 0.0005 0.0007 0.0014 0.0143 0.0112 0.0009 0.0001 0.0001 0.0001 0.0 0.0002 0.0035 0.0077
7.000 5.000 35 0.0277 0.0737 0.118 0.1491 0.1805 0.1706 0.1144 0.1025 0.1314 0.0672 0.0428 0.0894 0.1453 0.1435 0.1055 0.0956 0.1181 0.0888 0.0348 0.0306 0.0773 0.0996 0.0803 0.0739 0.1006 0.1037 0.0575 0.0248 0.0246 0.0496 0.0572 0.0456 0.0629 0.0824 0.0744 0.0278 0.0098 0.0196 0.0271 0.0271 0.0449 0.0414 0.0373 0.0134 0.0036 0.006 0.0078 0.0108 0.034 0.0178 0.0072 0.0022 0.001 0.0013 0.0013 0.0023 0.019 0.0108 0.001 0.0003 0.0003 0.0003 0.0002 0.0 0.0059 0.0167
7.000 7.000 35 0.0565 0.1227 0.1875 0.2054 0.211 0.18 0.1365 0.1454 0.1387 0.077 0.084 0.1537 0.1846 0.1636 0.1278 0.1357 0.1245 0.0868 0.0475 0.0657 0.1248 0.1274 0.1038 0.1121 0.1075 0.1035 0.06 0.0395 0.053 0.0809 0.083 0.0791 0.0708 0.0908 0.0787 0.0348 0.0245 0.0412 0.0512 0.0605 0.052 0.0487 0.0437 0.019 0.0116 0.0175 0.0237 0.0391 0.0405 0.0204 0.0104 0.0058 0.0054 0.0073 0.0099 0.0178 0.021 0.0117 0.0024 0.0019 0.0021 0.0026 0.0035 0.0059 0.0 0.0384
0.500 0.000 0 0.0048 0.0697 0.0937 0.0848 0.1084 0.1383 0.1348 0.1161 0.108 0.0465 0.0355 0.053 0.0843 0.1062 0.112 0.0982 0.0989 0.0527 0.0186 0.0166 0.0377 0.0611 0.0682 0.0776 0.1076 0.0582 0.0249 0.012 0.0081 0.0153 0.0402 0.0618 0.0849 0.0658 0.0511 0.0202 0.0029 0.0035 0.0228 0.0524 0.0701 0.0921 0.0822 0.0358 0.0071 0.0042 0.0169 0.0413 0.0625 0.0975 0.0739 0.0351 0.0091 0.0044 0.012 0.0277 0.0538 0.0899 0.0499 0.0222 0.0075 0.0041 0.0077 0.0167 0.0384 0.0