n 66
m 4
tmax 8.8
-0.500 0.000 0 0.0 0.0736 0.0436 0.0335 0.0187 0.014 0.0226 0.0375 0.0476 0.0525 0.0334 0.0221 0.0148 0.0165 0.0359 0.0518 0.0524 0.0455 0.0235 0.0177 0.0128 0.0225 0.0578 0.0545 0.0437 0.0425 0.0337 0.0295 0.0121 0.0129 0.0356 0.031 0.0293 0.0782 0.0611 0.0554 0.0328 0.0189 0.0166 0.0173 0.0304 0.1316 0.1057 0.0924 0.0805 0.0461 0.0217 0.02 0.0382 0.1555 0.1415 0.1229 0.1058 0.0717 0.0375 0.0238 0.0288 0.1814 0.1597 0.1507 0.1488 0.1202 0.0741 0.0681 0.0424 0.0135
-7.000 -7.000 35 0.0736 0.0 0.0218 0.0263 0.0301 0.0297 0.0281 0.0268 0.026 0.0065 0.0336 0.0474 0.0529 0.051 0.0454 0.0412 0.0382 0.0085 0.0423 0.0644 0.0657 0.0648 0.0619 0.0565 0.0505 0.0198 0.0517 0.061 0.0671 0.0716 0.0994 0.0874 0.0711 0.0339 0.0562 0.0631 0.083 0.1005 0.0969 0.104 0.1065 0.089 0.094 0.0888 0.1132 0.1492 0.1129 0.0991 0.1252 0.1028 0.1358 0.1277 0.1335 0.1683 0.1597 0.1171 0.1103 0.1202 0.1684 0.1603 0.172 0.2015 0.2059 0.1901 0.1367 0.0886
-7.000 -5.000 35 0.0436 0.0218 0.0 0.0063 0.0123 0.0129 0.0121 0.0115 0.0111 0.0296 0.0229 0.0182 0.0257 0.0247 0.0207 0.018 0.0164 0.0414 0.0526 0.0344 0.0357 0.0349 0.0318 0.0273 0.0229 0.0657 0.0679 0.0422 0.0379 0.0427 0.0683 0.0519 0.0366 0.0867 0.0725 0.0532 0.0613 0.0668 0.0706 0.0747 0.0689 0.1397 0.1044 0.0832 0.1021 0.1157 0.0726 0.0736 0.101 0.1556 0.1451 0.1223 0.1254 0.1525 0.1092 0.0744 0.0882 0.1763 0.1805 0.1545 0.1632 0.1969 0.1691 0.1287 0.0891 0.0579
-7.000 -3.000 35 0.0335 0.0263 0.0063 0.0 0.005 0.0052 0.0044 0.0039 0.0036 0.0399 0.0198 0.0126 0.0141 0.0115 0.0083 0.0067 0.0057 0.0554 0.0384 0.0266 0.0253 0.0196 0.015 0.0112 0.0084 0.0746 0.0412 0.0291 0.0307 0.0305 0.0489 0.028 0.0156 0.0757 0.0412 0.0365 0.0564 0.0539 0.0623 0.0529 0.0402 0.1141 0.0701 0.0653 0.1037 0.0923 0.059 0.0658 0.0788 0.1222 0.1083 0.1031 0.131 0.1341 0.0746 0.0641 0.084 0.1419 0.1409 0.1355 0.1683 0.1916 0.1218 0.0965 0.0802 0.0481
-7.000 -1.000 35 0.0187 0.0301 0.0123 0.005 0.0 0.0007 0.0004 0.0003 0.0003 0.0495 0.0269 0.0144 0.0054 0.0024 0.0012 0.0007 0.0005 0.0638 0.0385 0.0238 0.0138 0.0057 0.0034 0.0019 0.001 0.068 0.0343 0.0247 0.018 0.018 0.0303 0.0098 0.0033 0.0557 0.0349 0.036 0.0436 0.04 0.049 0.0267 0.0173 0.0964 0.0651 0.0712 0.0984 0.0635 0.0508 0.0464 0.0506 0.1098 0.1063 0.1125 0.1345 0.0928 0.0553 0.055 0.0617 0.1378 0.1402 0.1486 0.1781 0.1455 0.0823 0.083 0.0649 0.0308
-7.000 1.000 35 0.014 0.0297 0.0129 0.0052 0.0007 0.0 0.0 0.0 0.0 0.0533 0.0289 0.0142 0.0029 0.0003 0.0001 0.0 0.0 0.0635 0.0342 0.0185 0.006 0.0012 0.0011 0.0003 0.0001 0.0559 0.0249 0.0159 0.0088 0.0151 0.0199 0.003 0.001 0.0412 0.0267 0.0314 0.0364 0.0456 0.0356 0.0103 0.0093 0.0852 0.0609 0.0755 0.0892 0.0615 0.0426 0.0255 0.0362 0.1042 0.1095 0.1221 0.1209 0.0784 0.0499 0.0361 0.045 0.1412 0.148 0.1613 0.1635 0.1184 0.075 0.0654 0.0441 0.0273
-7.000 3.000 35 0.0226 0.0281 0.0121 0.0044 0.0004 0.0 0.0 0.0 0.0 0.0541 0.0284 0.013 0.002 0.0001 0.0 0.0 0.0 0.0597 0.0291 0.0139 0.0032 0.0009 0.0004 0.0001 0.0 0.0433 0.0175 0.0111 0.0074 0.0245 0.0114 0.0007 0.0006 0.0323 0.0236 0.0341 0.0438 0.0541 0.0175 0.0034 0.0087 0.0824 0.0692 0.0896 0.1015 0.0599 0.0188 0.0147 0.0348 0.1139 0.1278 0.1412 0.127 0.0651 0.0222 0.022 0.0443 0.1627 0.1695 0.1802 0.1623 0.092 0.0436 0.0446 0.0411 0.0425
-7.000 5.000 35 0.0375 0.0268 0.0115 0.0039 0.0003 0.0 0.0 0.0 0.0 0.0543 0.0278 0.0122 0.0016 0.0001 0.0 0.0 0.0 0.0558 0.0253 0.0114 0.0023 0.0012 0.0004 0.0 0.0 0.0347 0.0134 0.0103 0.0132 0.03 0.0057 0.0002 0.0007 0.0301 0.0276 0.0474 0.0645 0.0435 0.0046 0.0025 0.0095 0.0913 0.091 0.121 0.1082 0.0296 0.0052 0.0165 0.0372 0.141 0.165 0.1666 0.1016 0.0267 0.0096 0.0282 0.0504 0.2036 0.2066 0.1793 0.1182 0.049 0.0352 0.0475 0.0503 0.0579
-7.000 7.000 35 0.0476 0.026 0.0111 0.0036 0.0003 0.0 0.0 0.0 0.0 0.0543 0.0273 0.0116 0.0014 0.0 0.0 0.0 0.0 0.0526 0.0226 0.0099 0.0022 0.002 0.0002 0.0 0.0 0.0291 0.0119 0.0129 0.0227 0.0319 0.0024 0.0002 0.0006 0.0336 0.0396 0.0706 0.0747 0.0243 0.0015 0.0044 0.0093 0.1139 0.1267 0.1412 0.0793 0.0098 0.0056 0.0239 0.0384 0.1863 0.1931 0.1416 0.058 0.0137 0.0147 0.0404 0.0542 0.2378 0.1898 0.1272 0.0859 0.0396 0.0473 0.0623 0.0548 0.0564
-5.000 -7.000 35 0.0525 0.0065 0.0296 0.0399 0.0495 0.0533 0.0541 0.0543 0.0543 0.0 0.0178 0.0453 0.0585 0.0628 0.061 0.0594 0.0582 0.0047 0.0241 0.0405 0.0487 0.0541 0.0597 0.0608 0.0585 0.0174 0.0374 0.039 0.0434 0.0531 0.0855 0.0858 0.0779 0.0327 0.0443 0.0467 0.0619 0.0841 0.0777 0.0823 0.0959 0.0886 0.0866 0.0767 0.0938 0.1308 0.1068 0.0846 0.0995 0.1017 0.1297 0.1189 0.1196 0.144 0.1486 0.119 0.1006 0.1189 0.1619 0.1536 0.1621 0.1831 0.1856 0.1895 0.1496 0.0676
-5.000 -5.000 25 0.0334 0.0336 0.0229 0.0198 0.0269 0.0289 0.0284 0.0278 0.0273 0.0178 0.0 0.0177 0.0297 0.033 0.0309 0.0293 0.0282 0.026 0.0253 0.0228 0.027 0.0305 0.0343 0.034 0.0312 0.0473 0.0381 0.0252 0.0251 0.0323 0.0637 0.0593 0.0489 0.0634 0.0422 0.0339 0.0474 0.0609 0.0562 0.064 0.0735 0.1125 0.0759 0.0632 0.0844 0.1108 0.0728 0.059 0.0834 0.1264 0.1171 0.1017 0.1062 0.1373 0.1175 0.0772 0.0704 0.1467 0.1524 0.133 0.1449 0.1761 0.1693 0.1462 0.0969 0.0481
-5.000 -3.000 25 0.0221 0.0474 0.0182 0.0126 0.0144 0.0142 0.013 0.0122 0.0116 0.0453 0.0177 0.0 0.0132 0.0157 0.0137 0.0124 0.0116 0.0472 0.0224 0.0109 0.0144 0.016 0.0186 0.0173 0.0147 0.0519 0.0209 0.0124 0.0169 0.0215 0.0509 0.0404 0.0288 0.0461 0.0227 0.0209 0.043 0.0452 0.0502 0.0555 0.0563 0.0874 0.0542 0.051 0.0883 0.0893 0.05 0.0529 0.0799 0.0992 0.0935 0.0894 0.1137 0.1293 0.0776 0.052 0.0665 0.1231 0.1261 0.1218 0.151 0.1818 0.1316 0.0987 0.0671 0.0379
-5.000 -1.000 25 0.0148 0.0529 0.0257 0.0141 0.0054 0.0029 0.002 0.0016 0.0014 0.0585 0.0297 0.0132 0.0 0.0028 0.002 0.0015 0.0013 0.0551 0.0267 0.0137 0.0067 0.0043 0.0061 0.0048 0.003 0.0444 0.0188 0.0138 0.0107 0.0159 0.0374 0.0209 0.0111 0.0369 0.0228 0.0283 0.0386 0.0361 0.0483 0.0407 0.0332 0.0826 0.0572 0.0668 0.0945 0.0628 0.0448 0.0514 0.0667 0.1002 0.1012 0.1092 0.1301 0.0948 0.0511 0.0515 0.0685 0.1327 0.1356 0.1457 0.1738 0.1488 0.0833 0.0791 0.0661 0.0272
-5.000 1.000 25 0.0165 0.051 0.0247 0.0115 0.0024 0.0003 0.0001 0.0001 0.0 0.0628 0.033 0.0157 0.0028 0.0 0.0001 0.0001 0.0001 0.0549 0.0258 0.0129 0.0038 0.001 0.0024 0.0014 0.0006 0.0365 0.0157 0.0118 0.0081 0.0185 0.026 0.0087 0.0036 0.0312 0.0246 0.0341 0.0396 0.0484 0.0415 0.0205 0.0174 0.0847 0.0676 0.0836 0.0931 0.0639 0.0469 0.0367 0.0462 0.1121 0.1214 0.1303 0.1231 0.0805 0.0533 0.0459 0.0545 0.1553 0.1596 0.168 0.1655 0.1206 0.0784 0.0758 0.0546 0.0312
-5.000 3.000 25 0.0359 0.0454 0.0207 0.0083 0.0012 0.0001 0.0 0.0 0.0 0.061 0.0309 0.0137 0.002 0.0001 0.0 0.0 0.0 0.0504 0.022 0.0104 0.0029 0.0021 0.001 0.0003 0.0001 0.0291 0.0128 0.0122 0.0146 0.0323 0.0135 0.0016 0.001 0.0324 0.032 0.05 0.0622 0.0556 0.0186 0.0051 0.01 0.0978 0.0938 0.1167 0.1141 0.0558 0.0195 0.0166 0.0362 0.1433 0.1597 0.1643 0.1273 0.0591 0.0228 0.0234 0.0437 0.1991 0.1983 0.1927 0.1565 0.0853 0.0448 0.0474 0.04 0.0558
-5.000 5.000 25 0.0518 0.0412 0.018 0.0067 0.0007 0.0 0.0 0.0 0.0 0.0594 0.0293 0.0124 0.0015 0.0001 0.0 0.0 0.0 0.0472 0.0197 0.0096 0.0036 0.0039 0.0007 0.0 0.0 0.0264 0.0149 0.0197 0.0303 0.0354 0.0046 0.0002 0.0009 0.0445 0.0541 0.0824 0.0797 0.0319 0.003 0.0029 0.0104 0.1329 0.1395 0.146 0.091 0.0179 0.0048 0.0175 0.0383 0.1988 0.1969 0.1535 0.0742 0.0194 0.0103 0.0291 0.0503 0.2409 0.2012 0.1465 0.0983 0.0442 0.0375 0.0491 0.0496 0.0609
-5.000 7.000 35 0.0524 0.0382 0.0164 0.0057 0.0005 0.0 0.0 0.0 0.0 0.0582 0.0282 0.0116 0.0013 0.0001 0.0 0.0 0.0 0.045 0.0185 0.0095 0.0048 0.005 0.0005 0.0 0.0 0.0278 0.021 0.0307 0.0424 0.0315 0.0015 0.0004 0.0009 0.0658 0.0813 0.1017 0.0654 0.0131 0.0015 0.0057 0.0105 0.1691 0.1585 0.126 0.055 0.0063 0.0078 0.0272 0.0405 0.2124 0.1715 0.1063 0.0445 0.0144 0.0193 0.0441 0.0558 0.2086 0.1468 0.1049 0.0836 0.042 0.055 0.0661 0.0559 0.0442
-3.000 -7.000 35 0.0455 0.0085 0.0414 0.0554 0.0638 0.0635 0.0597 0.0558 0.0526 0.0047 0.026 0.0472 0.0551 0.0549 0.0504 0.0472 0.045 0.0 0.0224 0.0357 0.0379 0.0397 0.0464 0.0512 0.0502 0.0113 0.0252 0.0285 0.0341 0.0458 0.076 0.08 0.0782 0.0281 0.0313 0.0353 0.0529 0.0833 0.0767 0.0726 0.0835 0.0843 0.0796 0.067 0.0844 0.1236 0.116 0.0962 0.1007 0.0959 0.1228 0.1131 0.1113 0.1301 0.1442 0.1315 0.1175 0.1125 0.1526 0.1495 0.1559 0.1758 0.1742 0.1892 0.1727 0.0615
-3.000 -5.000 25 0.0235 0.0423 0.0526 0.0384 0.0385 0.0342 0.0291 0.0253 0.0226 0.0241 0.0253 0.0224 0.0267 0.0258 0.022 0.0197 0.0185 0.0224 0.0 0.009 0.0125 0.0152 0.0231 0.0283 0.0276 0.0268 0.012 0.0076 0.0132 0.024 0.0549 0.0581 0.0555 0.0378 0.0181 0.0173 0.0338 0.0589 0.0513 0.051 0.0641 0.0856 0.0554 0.0478 0.0684 0.1047 0.0847 0.0631 0.0732 0.0997 0.0976 0.0869 0.0914 0.12 0.123 0.0962 0.08 0.1214 0.1328 0.1178 0.1323 0.1585 0.1601 0.1638 0.1291 0.0421
-3.000 -3.000 15 0.0177 0.0644 0.0344 0.0266 0.0238 0.0185 0.0139 0.0114 0.0099 0.0405 0.0228 0.0109 0.0137 0.0129 0.0104 0.0096 0.0095 0.0357 0.009 0.0 0.0055 0.0084 0.0173 0.0224 0.0215 0.0253 0.0064 0.0033 0.0088 0.0183 0.0498 0.051 0.0471 0.0262 0.0133 0.0147 0.0367 0.0477 0.0426 0.0477 0.0612 0.0752 0.0484 0.047 0.0796 0.0965 0.0588 0.0464 0.0669 0.0905 0.0888 0.0859 0.1033 0.1291 0.0991 0.0634 0.058 0.1183 0.121 0.1181 0.1416 0.1748 0.1509 0.127 0.0833 0.0356
-3.000 -1.000 15 0.0128 0.0657 0.0357 0.0253 0.0138 0.006 0.0032 0.0023 0.0022 0.0487 0.027 0.0144 0.0067 0.0038 0.0029 0.0036 0.0048 0.0379 0.0125 0.0055 0.0 0.0028 0.0133 0.0178 0.0167 0.0232 0.0087 0.0076 0.0065 0.0143 0.045 0.0419 0.0366 0.0295 0.0207 0.0282 0.0389 0.0343 0.042 0.0476 0.0562 0.0821 0.062 0.0708 0.0959 0.0674 0.0392 0.0444 0.0707 0.1064 0.1085 0.1134 0.1302 0.1023 0.0543 0.0426 0.0577 0.1431 0.1419 0.1494 0.1739 0.1569 0.0949 0.0796 0.0576 0.0273
-3.000 1.000 15 0.0225 0.0648 0.0349 0.0196 0.0057 0.0012 0.0009 0.0012 0.002 0.0541 0.0305 0.016 0.0043 0.001 0.0021 0.0039 0.005 0.0397 0.0152 0.0084 0.0028 0.0 0.0111 0.0129 0.011 0.0246 0.0136 0.0144 0.0124 0.0235 0.0365 0.0261 0.021 0.0412 0.0373 0.0488 0.0489 0.0488 0.0444 0.0369 0.0383 0.1055 0.0929 0.1022 0.0996 0.0626 0.0455 0.0462 0.0635 0.1419 0.1467 0.1442 0.1246 0.0783 0.0505 0.0494 0.0637 0.1852 0.179 0.1766 0.1653 0.1183 0.0762 0.0788 0.0614 0.038
-3.000 3.000 15 0.0578 0.0619 0.0318 0.015 0.0034 0.0011 0.0004 0.0004 0.0002 0.0597 0.0343 0.0186 0.0061 0.0024 0.001 0.0007 0.0005 0.0464 0.0231 0.0173 0.0133 0.0111 0.0 0.0011 0.0006 0.0399 0.0337 0.0396 0.0436 0.0409 0.0123 0.0028 0.0025 0.0768 0.0804 0.096 0.0822 0.0442 0.0141 0.0063 0.0121 0.1601 0.1518 0.1465 0.1056 0.0391 0.0141 0.0167 0.0371 0.2067 0.1975 0.1647 0.1024 0.0426 0.0173 0.0219 0.0409 0.2387 0.2069 0.1722 0.1303 0.0695 0.04 0.0473 0.0367 0.0632
-3.000 5.000 25 0.0545 0.0565 0.0273 0.0112 0.0019 0.0003 0.0001 0.0 0.0 0.0608 0.034 0.0173 0.0048 0.0014 0.0003 0.0 0.0 0.0512 0.0283 0.0224 0.0178 0.0129 0.0011 0.0 0.0001 0.0545 0.0509 0.0576 0.0567 0.0345 0.0026 0.0003 0.0013 0.1073 0.1075 0.1078 0.0627 0.0144 0.0017 0.0036 0.0121 0.1862 0.1584 0.1224 0.059 0.0088 0.0053 0.0191 0.0397 0.2067 0.1669 0.1097 0.0498 0.0157 0.012 0.0303 0.0498 0.2043 0.1491 0.1117 0.0874 0.0422 0.0413 0.0511 0.0484 0.0413
-3.000 7.000 35 0.0437 0.0505 0.0229 0.0084 0.001 0.0001 0.0 0.0 0.0 0.0585 0.0312 0.0147 0.003 0.0006 0.0001 0.0 0.0 0.0502 0.0276 0.0215 0.0167 0.011 0.0006 0.0001 0.0 0.0609 0.0579 0.0628 0.0561 0.0268 0.0013 0.001 0.0014 0.1162 0.108 0.095 0.042 0.006 0.0033 0.0086 0.0128 0.176 0.1375 0.0968 0.041 0.008 0.0135 0.0327 0.0437 0.1817 0.1374 0.0849 0.0406 0.0199 0.0281 0.0495 0.0579 0.1684 0.1203 0.1004 0.0887 0.0502 0.067 0.071 0.0574 0.0245
-1.000 -7.000 35 0.0425 0.0198 0.0657 0.0746 0.068 0.0559 0.0433 0.0347 0.0291 0.0174 0.0473 0.0519 0.0444 0.0365 0.0291 0.0264 0.0278 0.0113 0.0268 0.0253 0.0232 0.0246 0.0399 0.0545 0.0609 0.0 0.0123 0.016 0.0238 0.0436 0.0761 0.0805 0.0803 0.0248 0.0237 0.0275 0.0484 0.0866 0.0868 0.0814 0.0896 0.0802 0.0821 0.0718 0.0824 0.1187 0.1232 0.1146 0.1219 0.0888 0.12 0.1244 0.1201 0.1288 0.1406 0.1373 0.1331 0.1044 0.1437 0.157 0.1693 0.189 0.1798 0.1917 0.1876 0.0603
-1.000 -5.000 25 0.0337 0.0517 0.0679 0.0412 0.0343 0.0249 0.0175 0.0134 0.0119 0.0374 0.0381 0.0209 0.0188 0.0157 0.0128 0.0149 0.021 0.0252 0.012 0.0064 0.0087 0.0136 0.0337 0.0509 0.0579 0.0123 0.0 0.0047 0.0151 0.0359 0.0691 0.0729 0.0725 0.0272 0.0104 0.0153 0.0385 0.0744 0.0726 0.0678 0.0771 0.0748 0.0527 0.0473 0.0682 0.1088 0.1073 0.0954 0.103 0.0892 0.0946 0.0867 0.0925 0.1139 0.1295 0.1216 0.114 0.1127 0.1286 0.1166 0.1343 0.1592 0.1583 0.1747 0.1635 0.0509
-1.000 -3.000 15 0.0295 0.061 0.0422 0.0291 0.0247 0.0159 0.0111 0.0103 0.0129 0.039 0.0252 0.0124 0.0138 0.0118 0.0122 0.0197 0.0307 0.0285 0.0076 0.0033 0.0076 0.0144 0.0396 0.0576 0.0628 0.016 0.0047 0.0 0.013 0.0335 0.0664 0.0685 0.0674 0.0337 0.0151 0.0139 0.0363 0.0639 0.0591 0.0559 0.0669 0.0801 0.0516 0.0474 0.0725 0.1063 0.0888 0.0735 0.0835 0.0947 0.0909 0.0855 0.0944 0.1227 0.1188 0.0998 0.089 0.1239 0.1206 0.1165 0.1341 0.163 0.1588 0.1605 0.132 0.0455
-1.000 -1.000 5 0.0121 0.0671 0.0379 0.0307 0.018 0.0088 0.0074 0.0132 0.0227 0.0434 0.0251 0.0169 0.0107 0.0081 0.0146 0.0303 0.0424 0.0341 0.0132 0.0088 0.0065 0.0124 0.0436 0.0567 0.0561 0.0238 0.0151 0.013 0.0 0.0187 0.0512 0.0507 0.049 0.0513 0.0357 0.0349 0.0352 0.0358 0.0319 0.0331 0.0465 0.1018 0.0783 0.0757 0.0897 0.0729 0.0431 0.035 0.0535 0.125 0.1202 0.1136 0.1199 0.1057 0.0681 0.0461 0.0449 0.1595 0.1464 0.1461 0.1626 0.1572 0.1123 0.0968 0.0657 0.0263
-1.000 1.000 5 0.0129 0.0716 0.0427 0.0305 0.018 0.0151 0.0245 0.03 0.0319 0.0531 0.0323 0.0215 0.0159 0.0185 0.0323 0.0354 0.0315 0.0458 0.024 0.0183 0.0143 0.0235 0.0409 0.0345 0.0268 0.0436 0.0359 0.0335 0.0187 0.0 0.0251 0.0202 0.0182 0.0839 0.07 0.0664 0.0408 0.016 0.0127 0.0139 0.0262 0.1434 0.1202 0.106 0.0778 0.0306 0.0129 0.0139 0.037 0.1733 0.155 0.1303 0.0943 0.0471 0.0202 0.0158 0.0279 0.197 0.1707 0.1523 0.134 0.0883 0.0487 0.0503 0.0291 0.0194
-1.000 3.000 15 0.0356 0.0994 0.0683 0.0489 0.0303 0.0199 0.0114 0.0057 0.0024 0.0855 0.0637 0.0509 0.0374 0.026 0.0135 0.0046 0.0015 0.076 0.0549 0.0498 0.045 0.0365 0.0123 0.0026 0.0013 0.0761 0.0691 0.0664 0.0512 0.0251 0.0 0.0009 0.0032 0.1174 0.1004 0.0884 0.0463 0.0103 0.0015 0.003 0.0153 0.1718 0.1398 0.1079 0.0578 0.0119 0.0033 0.0114 0.035 0.1894 0.1541 0.1079 0.0575 0.0208 0.0075 0.0149 0.0328 0.1898 0.147 0.1188 0.0965 0.0501 0.0323 0.0428 0.0291 0.0257
-1.000 5.000 25 0.031 0.0874 0.0519 0.028 0.0098 0.003 0.0007 0.0002 0.0002 0.0858 0.0593 0.0404 0.0209 0.0087 0.0016 0.0002 0.0004 0.08 0.0581 0.051 0.0419 0.0261 0.0028 0.0003 0.001 0.0805 0.0729 0.0685 0.0507 0.0202 0.0009 0.0 0.0033 0.1183 0.098 0.0809 0.0344 0.0046 0.0021 0.0046 0.0149 0.1668 0.1304 0.093 0.0422 0.007 0.0077 0.0211 0.0405 0.1758 0.1323 0.0835 0.0422 0.0174 0.0157 0.0311 0.047 0.1605 0.118 0.1021 0.0882 0.044 0.0473 0.0529 0.0449 0.0162
-1.000 7.000 35 0.0293 0.0711 0.0366 0.0156 0.0033 0.001 0.0006 0.0007 0.0006 0.0779 0.0489 0.0288 0.0111 0.0036 0.001 0.0009 0.0009 0.0782 0.0555 0.0471 0.0366 0.021 0.0025 0.0013 0.0014 0.0803 0.0725 0.0674 0.049 0.0182 0.0032 0.0033 0.0 0.1181 0.0968 0.0786 0.0327 0.0085 0.0099 0.0139 0.0138 0.167 0.1295 0.0912 0.0434 0.0172 0.0257 0.0395 0.0447 0.1706 0.1246 0.0802 0.0498 0.0356 0.0414 0.0533 0.0561 0.1484 0.1167 0.1179 0.1039 0.0659 0.081 0.0725 0.0541 0.0155
1.000 -7.000 35 0.0782 0.0339 0.0867 0.0757 0.0557 0.0412 0.0323 0.0301 0.0336 0.0327 0.0634 0.0461 0.0369 0.0312 0.0324 0.0445 0.0658 0.0281 0.0378 0.0262 0.0295 0.0412 0.0768 0.1073 0.1162 0.0248 0.0272 0.0337 0.0513 0.0839 0.1174 0.1183 0.1181 0.0 0.0426 0.058 0.0829 0.1314 0.1393 0.1366 0.1471 0.0367 0.0681 0.0968 0.1202 0.1538 0.1626 0.1613 0.173 0.0398 0.0802 0.1151 0.1407 0.1619 0.1738 0.1719 0.1696 0.0547 0.0937 0.124 0.1613 0.2077 0.2164 0.2333 0.2408 0.1003
1.000 -5.000 25 0.0611 0.0562 0.0725 0.0412 0.0349 0.0267 0.0236 0.0276 0.0396 0.0443 0.0422 0.0227 0.0228 0.0246 0.032 0.0541 0.0813 0.0313 0.0181 0.0133 0.0207 0.0373 0.0804 0.1075 0.108 0.0237 0.0104 0.0151 0.0357 0.07 0.1004 0.098 0.0968 0.0426 0.0 0.0211 0.0518 0.1022 0.1093 0.1066 0.1177 0.0614 0.0416 0.0472 0.0721 0.111 0.1211 0.1208 0.134 0.0707 0.0782 0.0805 0.0934 0.1127 0.1266 0.1272 0.1268 0.0944 0.1087 0.1053 0.1297 0.1607 0.1627 0.1796 0.1838 0.0741
1.000 -3.000 15 0.0554 0.0631 0.0532 0.0365 0.036 0.0314 0.0341 0.0474 0.0706 0.0467 0.0339 0.0209 0.0283 0.0341 0.05 0.0824 0.1017 0.0353 0.0173 0.0147 0.0282 0.0488 0.096 0.1078 0.095 0.0275 0.0153 0.0139 0.0349 0.0664 0.0884 0.0809 0.0786 0.058 0.0211 0.0 0.0352 0.0833 0.0865 0.0825 0.0936 0.0804 0.0475 0.0327 0.0524 0.0908 0.0961 0.0938 0.107 0.0924 0.0798 0.0679 0.0719 0.0943 0.1059 0.1032 0.1012 0.1176 0.1035 0.0967 0.1129 0.1366 0.1357 0.1529 0.1493 0.0596
1.000 -1.000 5 0.0328 0.083 0.0613 0.0564 0.0436 0.0364 0.0438 0.0645 0.0747 0.0619 0.0474 0.043 0.0386 0.0396 0.0622 0.0797 0.0654 0.0529 0.0338 0.0367 0.0389 0.0489 0.0822 0.0627 0.042 0.0484 0.0385 0.0363 0.0352 0.0408 0.0463 0.0344 0.0327 0.0829 0.0518 0.0352 0.0 0.0363 0.0341 0.0301 0.0426 0.1127 0.08 0.0549 0.0479 0.0549 0.0464 0.0417 0.0558 0.1251 0.1021 0.0812 0.0731 0.0759 0.0634 0.052 0.0486 0.1417 0.1161 0.1089 0.1166 0.1223 0.1008 0.1067 0.0855 0.0238
1.000 1.000 5 0.0189 0.1005 0.0668 0.0539 0.04 0.0456 0.0541 0.0435 0.0243 0.0841 0.0609 0.0452 0.0361 0.0484 0.0556 0.0319 0.0131 0.0833 0.0589 0.0477 0.0343 0.0488 0.0442 0.0144 0.006 0.0866 0.0744 0.0639 0.0358 0.016 0.0103 0.0046 0.0085 0.1314 0.1022 0.0833 0.0363 0.0 0.0033 0.0047 0.0213 0.1619 0.1264 0.0924 0.0532 0.0175 0.0071 0.0095 0.0295 0.1696 0.1358 0.0999 0.0645 0.0346 0.017 0.0124 0.0178 0.1703 0.1346 0.1192 0.109 0.0768 0.0475 0.0547 0.0344 0.0128
1.000 3.000 15 0.0166 0.0969 0.0706 0.0623 0.049 0.0356 0.0175 0.0046 0.0015 0.0777 0.0562 0.0502 0.0483 0.0415 0.0186 0.003 0.0015 0.0767 0.0513 0.0426 0.042 0.0444 0.0141 0.0017 0.0033 0.0868 0.0726 0.0591 0.0319 0.0127 0.0015 0.0021 0.0099 0.1393 0.1093 0.0865 0.0341 0.0033 0.0 0.004 0.023 0.1696 0.1304 0.0903 0.043 0.0072 0.0024 0.0091 0.0318 0.1665 0.124 0.0812 0.0441 0.0182 0.0071 0.0115 0.0231 0.1506 0.1164 0.104 0.0924 0.0465 0.0339 0.0444 0.0248 0.0127
1.000 5.000 25 0.0173 0.104 0.0747 0.0529 0.0267 0.0103 0.0034 0.0025 0.0044 0.0823 0.064 0.0555 0.0407 0.0205 0.0051 0.0029 0.0057 0.0726 0.051 0.0477 0.0476 0.0369 0.0063 0.0036 0.0086 0.0814 0.0678 0.0559 0.0331 0.0139 0.003 0.0046 0.0139 0.1366 0.1066 0.0825 0.0301 0.0047 0.004 0.0 0.0202 0.1674 0.1265 0.085 0.0386 0.0095 0.0091 0.0152 0.0327 0.1551 0.1111 0.0721 0.0432 0.0198 0.0157 0.0223 0.0324 0.135 0.1115 0.1133 0.0922 0.0444 0.049 0.0456 0.0305 0.0119
1.000 7.000 35 0.0304 0.1065 0.0689 0.0402 0.0173 0.0093 0.0087 0.0095 0.0093 0.0959 0.0735 0.0563 0.0332 0.0174 0.01 0.0104 0.0105 0.0835 0.0641 0.0612 0.0562 0.0383 0.0121 0.0121 0.0128 0.0896 0.0771 0.0669 0.0465 0.0262 0.0153 0.0149 0.0138 0.1471 0.1177 0.0936 0.0426 0.0213 0.023 0.0202 0.0 0.1801 0.1392 0.0984 0.0551 0.0316 0.0339 0.0337 0.0266 0.1641 0.1227 0.0902 0.0671 0.0442 0.0394 0.0376 0.0328 0.1517 0.1391 0.1436 0.1082 0.0697 0.0755 0.0528 0.0295 0.0258
3.000 -7.000 35 0.1316 0.089 0.1397 0.1141 0.0964 0.0852 0.0824 0.0913 0.1139 0.0886 0.1125 0.0874 0.0826 0.0847 0.0978 0.1329 0.1691 0.0843 0.0856 0.0752 0.0821 0.1055 0.1601 0.1862 0.176 0.0802 0.0748 0.0801 0.1018 0.1434 0.1718 0.1668 0.167 0.0367 0.0614 0.0804 0.1127 0.1619 0.1696 0.1674 0.1801 0.0 0.0292 0.0715 0.1061 0.1411 0.1513 0.1508 0.1616 0.0135 0.0371 0.0721 0.1044 0.1382 0.1587 0.1628 0.1623 0.0329 0.0532 0.0784 0.1139 0.1679 0.1915 0.2225 0.25 0.1394
3.000 -5.000 25 0.1057 0.094 0.1044 0.0701 0.0651 0.0609 0.0692 0.091 0.1267 0.0866 0.0759 0.0542 0.0572 0.0676 0.0938 0.1395 0.1585 0.0796 0.0554 0.0484 0.062 0.0929 0.1518 0.1584 0.1375 0.0821 0.0527 0.0516 0.0783 0.1202 0.1398 0.1304 0.1295 0.0681 0.0416 0.0475 0.08 0.1264 0.1304 0.1265 0.1392 0.0292 0.0 0.0374 0.07 0.104 0.1126 0.1115 0.1223 0.0373 0.0369 0.0497 0.0758 0.1053 0.122 0.1245 0.123 0.0608 0.0661 0.0676 0.0976 0.1441 0.1592 0.1856 0.2059 0.1077
3.000 -3.000 15 0.0924 0.0888 0.0832 0.0653 0.0712 0.0755 0.0896 0.121 0.1412 0.0767 0.0632 0.051 0.0668 0.0836 0.1167 0.146 0.126 0.067 0.0478 0.047 0.0708 0.1022 0.1465 0.1224 0.0968 0.0718 0.0473 0.0474 0.0757 0.106 0.1079 0.093 0.0912 0.0968 0.0472 0.0327 0.0549 0.0924 0.0903 0.085 0.0984 0.0715 0.0374 0.0 0.0333 0.0674 0.0742 0.0729 0.0843 0.0753 0.0506 0.0331 0.0441 0.0689 0.0827 0.0846 0.0831 0.0888 0.0661 0.0605 0.0822 0.1139 0.1192 0.1425 0.1558 0.0848
3.000 -1.000 15 0.0805 0.1132 0.1021 0.1037 0.0984 0.0892 0.1015 0.1082 0.0793 0.0938 0.0844 0.0883 0.0945 0.0931 0.1141 0.091 0.055 0.0844 0.0684 0.0796 0.0959 0.0996 0.1056 0.059 0.041 0.0824 0.0682 0.0725 0.0897 0.0778 0.0578 0.0422 0.0434 0.1202 0.0721 0.0524 0.0479 0.0532 0.043 0.0386 0.0551 0.1061 0.07 0.0333 0.0 0.0303 0.0339 0.0329 0.0454 0.1059 0.0733 0.0437 0.0279 0.0403 0.0469 0.0469 0.045 0.1052 0.0785 0.0705 0.0776 0.0865 0.0815 0.1016 0.1053 0.062
3.000 1.000 15 0.0461 0.1492 0.1157 0.0923 0.0635 0.0615 0.0599 0.0296 0.0098 0.1308 0.1108 0.0893 0.0628 0.0639 0.0558 0.0179 0.0063 0.1236 0.1047 0.0965 0.0674 0.0626 0.0391 0.0088 0.008 0.1187 0.1088 0.1063 0.0729 0.0306 0.0119 0.007 0.0172 0.1538 0.111 0.0908 0.0549 0.0175 0.0072 0.0095 0.0316 0.1411 0.104 0.0674 0.0303 0.0 0.0058 0.0086 0.0241 0.1323 0.0964 0.0641 0.0379 0.0207 0.0162 0.0174 0.0179 0.1227 0.0993 0.0965 0.09 0.0643 0.0467 0.0659 0.0592 0.0374
3.000 3.000 15 0.0217 0.1129 0.0726 0.059 0.0508 0.0426 0.0188 0.0052 0.0056 0.1068 0.0728 0.05 0.0448 0.0469 0.0195 0.0048 0.0078 0.116 0.0847 0.0588 0.0392 0.0455 0.0141 0.0053 0.0135 0.1232 0.1073 0.0888 0.0431 0.0129 0.0033 0.0077 0.0257 0.1626 0.1211 0.0961 0.0464 0.0071 0.0024 0.0091 0.0339 0.1513 0.1126 0.0742 0.0339 0.0058 0.0 0.0057 0.0229 0.139 0.1028 0.0725 0.0462 0.0178 0.0058 0.0085 0.0118 0.1339 0.1182 0.1191 0.0935 0.0417 0.0359 0.0493 0.031 0.0198
3.000 5.000 25 0.02 0.0991 0.0736 0.0658 0.0464 0.0255 0.0147 0.0165 0.0239 0.0846 0.059 0.0529 0.0514 0.0367 0.0166 0.0175 0.0272 0.0962 0.0631 0.0464 0.0444 0.0462 0.0167 0.0191 0.0327 0.1146 0.0954 0.0735 0.035 0.0139 0.0114 0.0211 0.0395 0.1613 0.1208 0.0938 0.0417 0.0095 0.0091 0.0152 0.0337 0.1508 0.1115 0.0729 0.0329 0.0086 0.0057 0.0 0.0168 0.1407 0.1061 0.0785 0.0519 0.0201 0.0094 0.0065 0.0094 0.1458 0.1339 0.129 0.0857 0.0433 0.0466 0.0355 0.013 0.0168
3.000 7.000 35 0.0382 0.1252 0.101 0.0788 0.0506 0.0362 0.0348 0.0372 0.0384 0.0995 0.0834 0.0799 0.0667 0.0462 0.0362 0.0383 0.0405 0.1007 0.0732 0.0669 0.0707 0.0635 0.0371 0.0397 0.0437 0.1219 0.103 0.0835 0.0535 0.037 0.035 0.0405 0.0447 0.173 0.134 0.107 0.0558 0.0295 0.0318 0.0327 0.0266 0.1616 0.1223 0.0843 0.0454 0.0241 0.0229 0.0168 0.0 0.1528 0.1193 0.0927 0.0646 0.0313 0.0203 0.0106 0.0055 0.1643 0.1513 0.1394 0.0918 0.0614 0.0591 0.0264 0.0048 0.0348
5.000 -7.000 35 0.1555 0.1028 0.1556 0.1222 0.1098 0.1042 0.1139 0.141 0.1863 0.1017 0.1264 0.0992 0.1002 0.1121 0.1433 0.1988 0.2124 0.0959 0.0997 0.0905 0.1064 0.1419 0.2067 0.2067 0.1817 0.0888 0.0892 0.0947 0.125 0.1733 0.1894 0.1758 0.1706 0.0398 0.0707 0.0924 0.1251 0.1696 0.1665 0.1551 0.1641 0.0135 0.0373 0.0753 0.1059 0.1323 0.139 0.1407 0.1528 0.0 0.0277 0.0647 0.0977 0.1401 0.1732 0.1881 0.1988 0.0169 0.0317 0.0495 0.0821 0.1347 0.1633 0.2012 0.244 0.1547
5.000 -5.000 25 0.1415 0.1358 0.1451 0.1083 0.1063 0.1095 0.1278 0.165 0.1931 0.1297 0.1171 0.0935 0.1012 0.1214 0.1597 0.1969 0.1715 0.1228 0.0976 0.0888 0.1085 0.1467 0.1975 0.1669 0.1374 0.12 0.0946 0.0909 0.1202 0.155 0.1541 0.1323 0.1246 0.0802 0.0782 0.0798 0.1021 0.1358 0.124 0.1111 0.1227 0.0371 0.0369 0.0506 0.0733 0.0964 0.1028 0.1061 0.1193 0.0277 0.0 0.0316 0.0643 0.1072 0.139 0.1533 0.1633 0.0334 0.0246 0.0315 0.0639 0.1148 0.1406 0.1773 0.2171 0.1315
5.000 -3.000 25 0.1229 0.1277 0.1223 0.1031 0.1125 0.1221 0.1412 0.1666 0.1416 0.1189 0.1017 0.0894 0.1092 0.1303 0.1643 0.1535 0.1063 0.1131 0.0869 0.0859 0.1134 0.1442 0.1647 0.1097 0.0849 0.1244 0.0867 0.0855 0.1136 0.1303 0.1079 0.0835 0.0802 0.1151 0.0805 0.0679 0.0812 0.0999 0.0812 0.0721 0.0902 0.0721 0.0497 0.0331 0.0437 0.0641 0.0725 0.0785 0.0927 0.0647 0.0316 0.0 0.035 0.0788 0.1085 0.122 0.1313 0.0536 0.0306 0.0253 0.0519 0.0964 0.1173 0.1528 0.1887 0.1064
5.000 -1.000 25 0.1058 0.1335 0.1254 0.131 0.1345 0.1209 0.127 0.1016 0.058 0.1196 0.1062 0.1137 0.1301 0.1231 0.1273 0.0742 0.0445 0.1113 0.0914 0.1033 0.1302 0.1246 0.1024 0.0498 0.0406 0.1201 0.0925 0.0944 0.1199 0.0943 0.0575 0.0422 0.0498 0.1407 0.0934 0.0719 0.0731 0.0645 0.0441 0.0432 0.0671 0.1044 0.0758 0.0441 0.0279 0.0379 0.0462 0.0519 0.0646 0.0977 0.0643 0.035 0.0 0.0438 0.0686 0.0813 0.0898 0.0792 0.0583 0.0502 0.049 0.0669 0.0794 0.1142 0.1452 0.0852
5.000 1.000 25 0.0717 0.1683 0.1525 0.1341 0.0928 0.0784 0.0651 0.0267 0.0137 0.144 0.1373 0.1293 0.0948 0.0805 0.0591 0.0194 0.0144 0.1301 0.12 0.1291 0.1023 0.0783 0.0426 0.0157 0.0199 0.1288 0.1139 0.1227 0.1057 0.0471 0.0208 0.0174 0.0356 0.1619 0.1127 0.0943 0.0759 0.0346 0.0182 0.0198 0.0442 0.1382 0.1053 0.0689 0.0403 0.0207 0.0178 0.0201 0.0313 0.1401 0.1072 0.0788 0.0438 0.0 0.021 0.0367 0.046 0.1257 0.1085 0.0997 0.0699 0.0353 0.0356 0.0719 0.0957 0.062
5.000 3.000 25 0.0375 0.1597 0.1092 0.0746 0.0553 0.0499 0.0222 0.0096 0.0147 0.1486 0.1175 0.0776 0.0511 0.0533 0.0228 0.0103 0.0193 0.1442 0.123 0.0991 0.0543 0.0505 0.0173 0.012 0.0281 0.1406 0.1295 0.1188 0.0681 0.0202 0.0075 0.0157 0.0414 0.1738 0.1266 0.1059 0.0634 0.017 0.0071 0.0157 0.0394 0.1587 0.122 0.0827 0.0469 0.0162 0.0058 0.0094 0.0203 0.1732 0.139 0.1085 0.0686 0.021 0.0 0.0194 0.0269 0.1597 0.1407 0.1239 0.0763 0.0322 0.0309 0.0557 0.0624 0.0363
5.000 5.000 25 0.0238 0.1171 0.0744 0.0641 0.055 0.0361 0.022 0.0282 0.0404 0.119 0.0772 0.052 0.0515 0.0459 0.0234 0.0291 0.0441 0.1315 0.0962 0.0634 0.0426 0.0494 0.0219 0.0303 0.0495 0.1373 0.1216 0.0998 0.0461 0.0158 0.0149 0.0311 0.0533 0.1719 0.1272 0.1032 0.052 0.0124 0.0115 0.0223 0.0376 0.1628 0.1245 0.0846 0.0469 0.0174 0.0085 0.0065 0.0106 0.1881 0.1533 0.122 0.0813 0.0367 0.0194 0.0 0.0053 0.1796 0.1599 0.1407 0.0938 0.0617 0.0533 0.035 0.0175 0.0253
5.000 7.000 35 0.0288 0.1103 0.0882 0.084 0.0617 0.045 0.0443 0.0504 0.0542 0.1006 0.0704 0.0665 0.0685 0.0545 0.0437 0.0503 0.0558 0.1175 0.08 0.058 0.0577 0.0637 0.0409 0.0498 0.0579 0.1331 0.114 0.089 0.0449 0.0279 0.0328 0.047 0.0561 0.1696 0.1268 0.1012 0.0486 0.0178 0.0231 0.0324 0.0328 0.1623 0.123 0.0831 0.045 0.0179 0.0118 0.0094 0.0055 0.1988 0.1633 0.1313 0.0898 0.046 0.0269 0.0053 0.0 0.1962 0.1761 0.1563 0.1109 0.0817 0.0635 0.0206 0.0018 0.0265
7.000 -7.000 35 0.1814 0.1202 0.1763 0.1419 0.1378 0.1412 0.1627 0.2036 0.2378 0.1189 0.1467 0.1231 0.1327 0.1553 0.1991 0.2409 0.2086 0.1125 0.1214 0.1183 0.1431 0.1852 0.2387 0.2043 0.1684 0.1044 0.1127 0.1239 0.1595 0.197 0.1898 0.1605 0.1484 0.0547 0.0944 0.1176 0.1417 0.1703 0.1506 0.135 0.1517 0.0329 0.0608 0.0888 0.1052 0.1227 0.1339 0.1458 0.1643 0.0169 0.0334 0.0536 0.0792 0.1257 0.1597 0.1796 0.1962 0.0 0.0166 0.0283 0.0479 0.0874 0.1023 0.1249 0.1603 0.1703
7.000 -5.000 35 0.1597 0.1684 0.1805 0.1409 0.1402 0.148 0.1695 0.2066 0.1898 0.1619 0.1524 0.1261 0.1356 0.1596 0.1983 0.2012 0.1468 0.1526 0.1328 0.121 0.1419 0.179 0.2069 0.1491 0.1203 0.1437 0.1286 0.1206 0.1464 0.1707 0.147 0.118 0.1167 0.0937 0.1087 0.1035 0.1161 0.1346 0.1164 0.1115 0.1391 0.0532 0.0661 0.0661 0.0785 0.0993 0.1182 0.1339 0.1513 0.0317 0.0246 0.0306 0.0583 0.1085 0.1407 0.1599 0.1761 0.0166 0.0 0.011 0.0339 0.0742 0.0883 0.1112 0.1463 0.1419
7.000 -3.000 35 0.1507 0.1603 0.1545 0.1355 0.1486 0.1613 0.1802 0.1793 0.1272 0.1536 0.133 0.1218 0.1457 0.168 0.1927 0.1465 0.1049 0.1495 0.1178 0.1181 0.1494 0.1766 0.1722 0.1117 0.1004 0.157 0.1166 0.1165 0.1461 0.1523 0.1188 0.1021 0.1179 0.124 0.1053 0.0967 0.1089 0.1192 0.104 0.1133 0.1436 0.0784 0.0676 0.0605 0.0705 0.0965 0.1191 0.129 0.1394 0.0495 0.0315 0.0253 0.0502 0.0997 0.1239 0.1407 0.1563 0.0283 0.011 0.0 0.0268 0.0652 0.0765 0.0992 0.1335 0.1317
7.000 -1.000 35 0.1488 0.172 0.1632 0.1683 0.1781 0.1635 0.1623 0.1182 0.0859 0.1621 0.1449 0.151 0.1738 0.1655 0.1565 0.0983 0.0836 0.1559 0.1323 0.1416 0.1739 0.1653 0.1303 0.0874 0.0887 0.1693 0.1343 0.1341 0.1626 0.134 0.0965 0.0882 0.1039 0.1613 0.1297 0.1129 0.1166 0.109 0.0924 0.0922 0.1082 0.1139 0.0976 0.0822 0.0776 0.09 0.0935 0.0857 0.0918 0.0821 0.0639 0.0519 0.049 0.0699 0.0763 0.0938 0.1109 0.0479 0.0339 0.0268 0.0 0.0308 0.0389 0.0629 0.0968 0.1297
7.000 1.000 35 0.1202 0.2015 0.1969 0.1916 0.1455 0.1184 0.092 0.049 0.0396 0.1831 0.1761 0.1818 0.1488 0.1206 0.0853 0.0442 0.042 0.1758 0.1585 0.1748 0.1569 0.1183 0.0695 0.0422 0.0502 0.189 0.1592 0.163 0.1572 0.0883 0.0501 0.044 0.0659 0.2077 0.1607 0.1366 0.1223 0.0768 0.0465 0.0444 0.0697 0.1679 0.1441 0.1139 0.0865 0.0643 0.0417 0.0433 0.0614 0.1347 0.1148 0.0964 0.0669 0.0353 0.0322 0.0617 0.0817 0.0874 0.0742 0.0652 0.0308 0.0 0.0132 0.0431 0.0772 0.1088
7.000 3.000 35 0.0741 0.2059 0.1691 0.1218 0.0823 0.075 0.0436 0.0352 0.0473 0.1856 0.1693 0.1316 0.0833 0.0784 0.0448 0.0375 0.055 0.1742 0.1601 0.1509 0.0949 0.0762 0.04 0.0413 0.067 0.1798 0.1583 0.1588 0.1123 0.0487 0.0323 0.0473 0.081 0.2164 0.1627 0.1357 0.1008 0.0475 0.0339 0.049 0.0755 0.1915 0.1592 0.1192 0.0815 0.0467 0.0359 0.0466 0.0591 0.1633 0.1406 0.1173 0.0794 0.0356 0.0309 0.0533 0.0635 0.1023 0.0883 0.0765 0.0389 0.0132 0.0 0.0325 0.0611 0.0724
7.000 5.000 35 0.0681 0.1901 0.1287 0.0965 0.083 0.0654 0.0446 0.0475 0.0623 0.1895 0.1462 0.0987 0.0791 0.0758 0.0474 0.0491 0.0661 0.1892 0.1638 0.127 0.0796 0.0788 0.0473 0.0511 0.071 0.1917 0.1747 0.1605 0.0968 0.0503 0.0428 0.0529 0.0725 0.2333 0.1796 0.1529 0.1067 0.0547 0.0444 0.0456 0.0528 0.2225 0.1856 0.1425 0.1016 0.0659 0.0493 0.0355 0.0264 0.2012 0.1773 0.1528 0.1142 0.0719 0.0557 0.035 0.0206 0.1249 0.1112 0.0992 0.0629 0.0431 0.0325 0.0 0.0176 0.0737
7.000 7.000 35 0.0424 0.1367 0.0891 0.0802 0.0649 0.0441 0.0411 0.0503 0.0548 0.1496 0.0969 0.0671 0.0661 0.0546 0.04 0.0496 0.0559 0.1727 0.1291 0.0833 0.0576 0.0614 0.0367 0.0484 0.0574 0.1876 0.1635 0.132 0.0657 0.0291 0.0291 0.0449 0.0541 0.2408 0.1838 0.1493 0.0855 0.0344 0.0248 0.0305 0.0295 0.25 0.2059 0.1558 0.1053 0.0592 0.031 0.013 0.0048 0.244 0.2171 0.1887 0.1452 0.0957 0.0624 0.0175 0.0018 0.1603 0.1463 0.1335 0.0968 0.0772 0.0611 0.0176 0.0 0.0484
0.500 0.000 0 0.0135 0.0886 0.0579 0.0481 0.0308 0.0273 0.0425 0.0579 0.0564 0.0676 0.0481 0.0379 0.0272 0.0312 0.0558 0.0609 0.0442 0.0615 0.0421 0.0356 0.0273 0.038 0.0632 0.0413 0.0245 0.0603 0.0509 0.0455 0.0263 0.0194 0.0257 0.0162 0.0155 0.1003 0.0741 0.0596 0.0238 0.0128 0.0127 0.0119 0.0258 0.1394 0.1077 0.0848 0.062 0.0374 0.0198 0.0168 0.0348 0.1547 0.1315 0.1064 0.0852 0.062 0.0363 0.0253 0.0265 0.1703 0.1419 0.1317 0.1297 0.1088 0.0724 0.0737 0.0484 0.0