n 64
m 2
tmax 17.5
0.000 -7.000 0 0.0 0.0046 0.0256 0.0149 0.0334 0.0787 0.0324 0.0464 0.0705 0.0878 0.0465 0.0559 0.0741 0.0724 0.1001 0.0496 0.0618 0.0762 0.0712 0.0818 0.1087 0.0517 0.0619 0.0813 0.0833 0.0695 0.085 0.1194 0.0544 0.0782 0.0862 0.1047 0.0818 0.0761 0.0986 0.1304 0.1103 0.103 0.1279 0.115 0.0755 0.094 0.1162 0.1546 0.1391 0.1543 0.0975 0.0898 0.1273 0.1589 0.1767 0.1374 0.0914 0.1391 0.1845 0.175 0.1274 0.1254 0.1974 0.1745 0.1568 0.1985 0.1922 0.2073
-1.000 -6.000 6 0.0046 0.0 0.0334 0.0111 0.0222 0.0745 0.0282 0.03 0.053 0.0713 0.0396 0.0408 0.0501 0.0535 0.0742 0.0435 0.0457 0.0552 0.0525 0.0575 0.0772 0.0449 0.049 0.0588 0.0635 0.0565 0.0586 0.0837 0.0464 0.0661 0.0636 0.0828 0.0687 0.0558 0.0712 0.0906 0.0988 0.084 0.1005 0.1019 0.0662 0.0722 0.0883 0.1405 0.11 0.1371 0.0917 0.0721 0.106 0.1354 0.1491 0.1309 0.0858 0.1142 0.1512 0.1621 0.1291 0.1131 0.1723 0.1701 0.1577 0.1868 0.1925 0.2004
1.000 -6.000 6 0.0256 0.0334 0.0 0.0539 0.0428 0.0333 0.0771 0.0699 0.0327 0.0369 0.0897 0.0857 0.0432 0.0278 0.0411 0.0927 0.0915 0.059 0.0262 0.0282 0.0482 0.0965 0.0942 0.074 0.0424 0.024 0.0299 0.0608 0.1004 0.115 0.0916 0.0749 0.0313 0.0268 0.0453 0.0705 0.1559 0.1157 0.1088 0.0637 0.0275 0.0432 0.062 0.1624 0.1359 0.1103 0.0407 0.0442 0.077 0.1621 0.1458 0.0751 0.0408 0.0941 0.1687 0.1186 0.0653 0.0822 0.1518 0.1104 0.1034 0.1368 0.1314 0.1432
-2.000 -5.000 12 0.0149 0.0111 0.0539 0.0 0.03 0.078 0.0157 0.02 0.05 0.0614 0.0252 0.0245 0.0382 0.0457 0.0541 0.0271 0.028 0.0362 0.0436 0.0456 0.0571 0.0283 0.0313 0.037 0.0509 0.0481 0.0464 0.0633 0.0299 0.0473 0.0416 0.0636 0.0645 0.049 0.0604 0.071 0.0788 0.0686 0.0725 0.0926 0.0644 0.0656 0.0806 0.1253 0.0837 0.1153 0.0939 0.0698 0.1031 0.1184 0.1182 0.1238 0.0912 0.1016 0.1219 0.1394 0.1318 0.1195 0.1397 0.1603 0.1688 0.1614 0.1915 0.1844
0.000 -5.000 6 0.0334 0.0222 0.0428 0.03 0.0 0.0327 0.0467 0.0277 0.0167 0.0249 0.0556 0.0441 0.0198 0.0156 0.0243 0.0556 0.0513 0.0331 0.0175 0.0152 0.0279 0.0591 0.0542 0.0487 0.0298 0.0168 0.0162 0.0372 0.0655 0.0763 0.0605 0.0595 0.031 0.0156 0.0308 0.0453 0.1227 0.0839 0.092 0.0633 0.0261 0.0341 0.0491 0.1366 0.1106 0.1067 0.0484 0.0336 0.0713 0.1351 0.1355 0.0855 0.0445 0.0801 0.1503 0.125 0.0807 0.0733 0.1516 0.1235 0.1126 0.1477 0.1453 0.1563
2.000 -5.000 12 0.0787 0.0745 0.0333 0.078 0.0327 0.0 0.0793 0.0388 0.0097 0.009 0.0748 0.0437 0.0139 0.0077 0.0175 0.067 0.0469 0.0238 0.0096 0.0102 0.0299 0.067 0.0505 0.0406 0.0197 0.0082 0.0176 0.0429 0.0763 0.0753 0.0623 0.0452 0.0148 0.0133 0.0323 0.0528 0.1281 0.0888 0.0868 0.037 0.0133 0.0371 0.0486 0.1352 0.1187 0.0744 0.0213 0.0364 0.0661 0.1461 0.1114 0.0431 0.0292 0.0959 0.1385 0.0759 0.0498 0.0804 0.1068 0.0832 0.0939 0.0985 0.1175 0.1217
-3.000 -4.000 18 0.0324 0.0282 0.0771 0.0157 0.0467 0.0793 0.0 0.0245 0.0527 0.0562 0.0085 0.0128 0.0344 0.0432 0.0472 0.0107 0.0113 0.0242 0.0398 0.041 0.0487 0.0132 0.0152 0.0204 0.0427 0.0473 0.044 0.0571 0.0145 0.0351 0.0245 0.048 0.064 0.0512 0.0614 0.0694 0.0602 0.0574 0.0521 0.0846 0.0699 0.0693 0.0869 0.118 0.0677 0.0935 0.0953 0.0772 0.1117 0.1138 0.0921 0.1128 0.1004 0.1082 0.1082 0.1131 0.1311 0.1323 0.1128 0.14 0.1763 0.1311 0.177 0.1566
-1.000 -4.000 12 0.0464 0.03 0.0699 0.02 0.0277 0.0388 0.0245 0.0 0.0198 0.0222 0.0288 0.0168 0.0132 0.0163 0.0201 0.0292 0.0243 0.0179 0.0185 0.0162 0.0249 0.0333 0.0302 0.0291 0.0295 0.0218 0.018 0.0325 0.0419 0.0522 0.0408 0.05 0.0394 0.023 0.0344 0.0432 0.1004 0.0626 0.0742 0.0712 0.0381 0.0409 0.0568 0.1179 0.0895 0.1056 0.0653 0.0442 0.0827 0.1145 0.1216 0.1008 0.0622 0.083 0.1291 0.1299 0.1052 0.0914 0.143 0.1401 0.1379 0.1544 0.1664 0.1691
1.000 -4.000 12 0.0705 0.053 0.0327 0.05 0.0167 0.0097 0.0527 0.0198 0.0 0.0077 0.0488 0.0279 0.0063 0.0035 0.011 0.0443 0.0338 0.0176 0.0058 0.0052 0.0185 0.0515 0.0413 0.0366 0.0177 0.0064 0.0101 0.0282 0.0669 0.0688 0.0583 0.047 0.0163 0.0095 0.0247 0.0371 0.1264 0.0848 0.0862 0.0427 0.0137 0.0285 0.0435 0.1338 0.1161 0.0824 0.0276 0.0291 0.0659 0.1426 0.1192 0.0551 0.0296 0.0786 0.1428 0.0907 0.0553 0.0693 0.1219 0.0939 0.0951 0.1124 0.1227 0.1287
3.000 -4.000 18 0.0878 0.0713 0.0369 0.0614 0.0249 0.009 0.0562 0.0222 0.0077 0.0 0.0491 0.0281 0.009 0.004 0.0106 0.0443 0.0352 0.0183 0.0055 0.0073 0.0231 0.0558 0.0462 0.0388 0.0137 0.0063 0.0154 0.0362 0.0808 0.079 0.0679 0.0375 0.0097 0.0134 0.0315 0.046 0.1436 0.0997 0.0797 0.0232 0.0147 0.0388 0.0453 0.1473 0.1143 0.0522 0.0166 0.0444 0.0653 0.143 0.0825 0.0282 0.0387 0.1045 0.1077 0.0528 0.0544 0.0987 0.0745 0.0802 0.1088 0.0887 0.1273 0.13
-4.000 -3.000 24 0.0465 0.0396 0.0897 0.0252 0.0556 0.0748 0.0085 0.0288 0.0488 0.0491 0.0 0.0113 0.0317 0.0407 0.0426 0.0033 0.0054 0.0188 0.0388 0.0412 0.0467 0.0067 0.0093 0.0145 0.0404 0.0505 0.0483 0.0607 0.0089 0.0279 0.0245 0.0418 0.0695 0.0609 0.0715 0.0798 0.0501 0.0615 0.0476 0.0824 0.0806 0.0815 0.1037 0.1169 0.076 0.085 0.0983 0.0903 0.13 0.1308 0.0895 0.1044 0.1093 0.1227 0.125 0.1046 0.1275 0.1493 0.1172 0.1261 0.1773 0.1254 0.1595 0.1407
-2.000 -3.000 18 0.0559 0.0408 0.0857 0.0245 0.0441 0.0437 0.0128 0.0168 0.0279 0.0281 0.0113 0.0 0.0179 0.0241 0.0255 0.0131 0.0081 0.0119 0.0258 0.0256 0.0313 0.0213 0.0157 0.0154 0.0318 0.034 0.0314 0.0441 0.0329 0.0443 0.0255 0.0435 0.0516 0.0399 0.0507 0.059 0.0911 0.0541 0.0565 0.0759 0.0586 0.0588 0.0787 0.1109 0.0707 0.0954 0.0849 0.0655 0.1049 0.1027 0.1021 0.1058 0.0875 0.1003 0.1083 0.1186 0.1218 0.121 0.1229 0.1402 0.1648 0.1402 0.1753 0.1617
0.000 -3.000 12 0.0741 0.0501 0.0432 0.0382 0.0198 0.0139 0.0344 0.0132 0.0063 0.009 0.0317 0.0179 0.0 0.0058 0.0095 0.0311 0.025 0.012 0.0072 0.0071 0.0155 0.0434 0.0345 0.031 0.0181 0.011 0.0117 0.0267 0.0657 0.0643 0.0519 0.0462 0.0244 0.0142 0.0281 0.0381 0.125 0.079 0.0819 0.054 0.023 0.0322 0.0517 0.1286 0.1095 0.0917 0.0432 0.0313 0.0754 0.1348 0.1203 0.0752 0.0435 0.0736 0.1417 0.1081 0.0777 0.0741 0.1324 0.1139 0.1137 0.1313 0.1409 0.1461
2.000 -3.000 18 0.0724 0.0535 0.0278 0.0457 0.0156 0.0077 0.0432 0.0163 0.0035 0.004 0.0407 0.0241 0.0058 0.0 0.0073 0.0415 0.0345 0.0169 0.0027 0.0025 0.0144 0.0594 0.0489 0.0405 0.0125 0.0029 0.0082 0.0252 0.0932 0.0853 0.0716 0.0404 0.0086 0.0078 0.0252 0.0351 0.1524 0.1035 0.0819 0.0265 0.0096 0.0318 0.0434 0.1518 0.1162 0.0578 0.0155 0.0318 0.066 0.1441 0.0889 0.0325 0.0271 0.0897 0.113 0.0592 0.0484 0.0763 0.0827 0.0785 0.0942 0.0893 0.1176 0.12
4.000 -3.000 24 0.1001 0.0742 0.0411 0.0541 0.0243 0.0175 0.0472 0.0201 0.011 0.0106 0.0426 0.0255 0.0095 0.0073 0.0 0.045 0.0379 0.0191 0.0071 0.0065 0.0117 0.0681 0.056 0.0439 0.0136 0.0083 0.0112 0.0247 0.1097 0.0956 0.077 0.0338 0.0113 0.0172 0.0255 0.0327 0.1662 0.1106 0.0722 0.0197 0.023 0.0393 0.0357 0.1556 0.1025 0.0396 0.0239 0.0594 0.058 0.1241 0.061 0.0323 0.0608 0.1093 0.0782 0.0529 0.0751 0.127 0.0686 0.1047 0.1399 0.1119 0.1595 0.1643
-5.000 -2.000 30 0.0496 0.0435 0.0927 0.0271 0.0556 0.067 0.0107 0.0292 0.0443 0.0443 0.0033 0.0131 0.0311 0.0415 0.045 0.0 0.0093 0.0221 0.0465 0.0513 0.0565 0.0034 0.0108 0.0226 0.0509 0.0672 0.066 0.0798 0.0053 0.021 0.0375 0.0535 0.0857 0.0824 0.0973 0.1069 0.0357 0.0707 0.0654 0.0978 0.1035 0.1068 0.136 0.1091 0.0995 0.1014 0.1155 0.1142 0.1573 0.1443 0.1195 0.119 0.1295 0.1497 0.1562 0.128 0.1422 0.1758 0.1563 0.144 0.1913 0.157 0.1727 0.1652
-3.000 -2.000 24 0.0618 0.0457 0.0915 0.028 0.0513 0.0469 0.0113 0.0243 0.0338 0.0352 0.0054 0.0081 0.025 0.0345 0.0379 0.0093 0.0 0.0154 0.0391 0.0422 0.0472 0.0212 0.0105 0.0105 0.0402 0.0532 0.052 0.0661 0.0348 0.0422 0.0192 0.0401 0.0676 0.0627 0.0782 0.0876 0.0896 0.0535 0.0451 0.0786 0.081 0.0841 0.1116 0.1139 0.0647 0.082 0.0959 0.0891 0.1327 0.1062 0.084 0.1029 0.1054 0.1231 0.1037 0.0999 0.1243 0.1461 0.1048 0.1253 0.1732 0.118 0.1599 0.1396
-1.000 -2.000 18 0.0762 0.0552 0.059 0.0362 0.0331 0.0238 0.0242 0.0179 0.0176 0.0183 0.0188 0.0119 0.012 0.0169 0.0191 0.0221 0.0154 0.0 0.0181 0.0183 0.0239 0.0409 0.0261 0.0185 0.0203 0.0251 0.0246 0.0395 0.0676 0.0615 0.0386 0.0386 0.0379 0.0301 0.0469 0.0562 0.121 0.0675 0.0667 0.0615 0.0416 0.0474 0.0736 0.1162 0.0884 0.0915 0.062 0.0489 0.0949 0.1157 0.1089 0.0885 0.0652 0.0848 0.1216 0.1124 0.1012 0.0996 0.1263 0.1259 0.1407 0.1355 0.1566 0.1519
1.000 -2.000 18 0.0712 0.0525 0.0262 0.0436 0.0175 0.0096 0.0398 0.0185 0.0058 0.0055 0.0388 0.0258 0.0072 0.0027 0.0071 0.0465 0.0391 0.0181 0.0 0.0029 0.0121 0.0719 0.0556 0.0429 0.0115 0.0037 0.0082 0.0254 0.1099 0.0962 0.0729 0.0408 0.011 0.0079 0.0282 0.0378 0.1627 0.1068 0.0816 0.0317 0.011 0.0311 0.0517 0.1535 0.1165 0.0639 0.0213 0.0257 0.073 0.1431 0.0963 0.0422 0.0276 0.0709 0.1187 0.0702 0.0519 0.0669 0.0945 0.0846 0.095 0.0961 0.1196 0.1208
3.000 -2.000 24 0.0818 0.0575 0.0282 0.0456 0.0152 0.0102 0.041 0.0162 0.0052 0.0073 0.0412 0.0256 0.0071 0.0025 0.0065 0.0513 0.0422 0.0183 0.0029 0.0 0.0112 0.0823 0.0635 0.0458 0.0105 0.0028 0.0068 0.0229 0.1287 0.1076 0.0797 0.0346 0.0068 0.0096 0.0247 0.0314 0.1761 0.1133 0.0704 0.0176 0.014 0.0348 0.0403 0.1552 0.0994 0.0372 0.0163 0.0441 0.0652 0.12 0.0588 0.0261 0.0424 0.1027 0.0761 0.0479 0.0622 0.1 0.0646 0.0903 0.1149 0.0983 0.1362 0.1429
5.000 -2.000 30 0.1087 0.0772 0.0482 0.0571 0.0279 0.0299 0.0487 0.0249 0.0185 0.0231 0.0467 0.0313 0.0155 0.0144 0.0117 0.0565 0.0472 0.0239 0.0121 0.0112 0.0 0.0917 0.0715 0.0519 0.0184 0.0151 0.0108 0.0127 0.144 0.1178 0.0877 0.0403 0.0211 0.0253 0.0182 0.0195 0.1851 0.1187 0.0712 0.0298 0.0405 0.0398 0.0236 0.1551 0.0957 0.046 0.0486 0.0746 0.0442 0.1105 0.064 0.061 0.0923 0.1052 0.0792 0.0865 0.1186 0.1476 0.1062 0.1557 0.1753 0.1723 0.2027 0.2153
-6.000 -1.000 36 0.0517 0.0449 0.0965 0.0283 0.0591 0.067 0.0132 0.0333 0.0515 0.0558 0.0067 0.0213 0.0434 0.0594 0.0681 0.0034 0.0212 0.0409 0.0719 0.0823 0.0917 0.0 0.021 0.0484 0.0829 0.1075 0.1093 0.1269 0.0017 0.0156 0.0629 0.0875 0.1272 0.1282 0.1472 0.1615 0.0179 0.0753 0.099 0.1334 0.1436 0.1536 0.1881 0.0833 0.119 0.1385 0.1552 0.1586 0.2038 0.1343 0.1492 0.1544 0.1703 0.1955 0.1729 0.1603 0.1768 0.2207 0.179 0.1758 0.225 0.1845 0.2032 0.1992
-4.000 -1.000 30 0.0619 0.049 0.0942 0.0313 0.0542 0.0505 0.0152 0.0302 0.0413 0.0462 0.0093 0.0157 0.0345 0.0489 0.056 0.0108 0.0105 0.0261 0.0556 0.0635 0.0715 0.021 0.0 0.0192 0.0563 0.0786 0.0796 0.0972 0.0341 0.0331 0.0235 0.0494 0.0889 0.0897 0.1097 0.124 0.0781 0.0553 0.0501 0.0883 0.0984 0.1106 0.1445 0.1104 0.0729 0.0823 0.1039 0.1078 0.1562 0.118 0.0876 0.0997 0.1161 0.1418 0.1184 0.0994 0.1226 0.1626 0.114 0.1175 0.1709 0.1197 0.1459 0.1318
-2.000 -1.000 24 0.0813 0.0588 0.074 0.037 0.0487 0.0406 0.0204 0.0291 0.0366 0.0388 0.0145 0.0154 0.031 0.0405 0.0439 0.0226 0.0105 0.0185 0.0429 0.0458 0.0519 0.0484 0.0192 0.0 0.0386 0.0539 0.0531 0.0705 0.0783 0.0568 0.02 0.0308 0.0604 0.0584 0.0788 0.0923 0.1165 0.0508 0.0427 0.0658 0.066 0.0783 0.1096 0.1017 0.0616 0.0741 0.0757 0.0737 0.1226 0.0924 0.0825 0.0858 0.0865 0.1076 0.0933 0.0934 0.1067 0.1279 0.1 0.1148 0.1556 0.1131 0.1489 0.1323
0.000 -1.000 18 0.0833 0.0635 0.0424 0.0509 0.0298 0.0197 0.0427 0.0295 0.0177 0.0137 0.0404 0.0318 0.0181 0.0125 0.0136 0.0509 0.0402 0.0203 0.0115 0.0105 0.0184 0.0829 0.0563 0.0386 0.0 0.011 0.0142 0.0347 0.1248 0.0969 0.0651 0.0296 0.0146 0.0142 0.0383 0.0524 0.1608 0.0957 0.0685 0.0321 0.0177 0.0359 0.0652 0.1394 0.0981 0.0615 0.0288 0.0286 0.0804 0.1256 0.0874 0.0491 0.0367 0.0634 0.1088 0.0743 0.064 0.0704 0.0942 0.0887 0.1068 0.0988 0.1233 0.1197
2.000 -1.000 24 0.0695 0.0565 0.024 0.0481 0.0168 0.0082 0.0473 0.0218 0.0064 0.0063 0.0505 0.034 0.011 0.0029 0.0083 0.0672 0.0532 0.0251 0.0037 0.0028 0.0151 0.1075 0.0786 0.0539 0.011 0.0 0.0096 0.0316 0.1562 0.1214 0.0858 0.0347 0.0046 0.0064 0.0319 0.0441 0.1858 0.115 0.0692 0.0165 0.0076 0.0325 0.0535 0.1537 0.0967 0.037 0.0117 0.0284 0.0755 0.115 0.0586 0.025 0.0272 0.0822 0.0754 0.0466 0.0512 0.0734 0.0638 0.0802 0.097 0.0893 0.1211 0.1242
4.000 -1.000 30 0.085 0.0586 0.0299 0.0464 0.0162 0.0176 0.044 0.018 0.0101 0.0154 0.0483 0.0314 0.0117 0.0082 0.0112 0.066 0.052 0.0246 0.0082 0.0068 0.0108 0.1093 0.0796 0.0531 0.0142 0.0096 0.0 0.0182 0.1639 0.1249 0.0885 0.0361 0.0153 0.0149 0.0174 0.024 0.1887 0.116 0.0671 0.0244 0.0291 0.0327 0.0302 0.1463 0.0867 0.038 0.0356 0.0601 0.0529 0.0995 0.0557 0.0484 0.0719 0.1065 0.0713 0.0745 0.0971 0.1288 0.0935 0.1345 0.15 0.1477 0.1774 0.1888
6.000 -1.000 36 0.1194 0.0837 0.0608 0.0633 0.0372 0.0429 0.0571 0.0325 0.0282 0.0362 0.0607 0.0441 0.0267 0.0252 0.0247 0.0798 0.0661 0.0395 0.0254 0.0229 0.0127 0.1269 0.0972 0.0705 0.0347 0.0316 0.0182 0.0 0.1866 0.1452 0.1094 0.0582 0.0428 0.0374 0.0111 0.0059 0.2095 0.1375 0.0901 0.0558 0.0615 0.0337 0.0092 0.1654 0.1105 0.0739 0.0794 0.0778 0.0237 0.1233 0.0953 0.101 0.1115 0.0831 0.1171 0.1382 0.1513 0.1432 0.1703 0.1985 0.1826 0.2268 0.2182 0.2457
-7.000 0.000 42 0.0544 0.0464 0.1004 0.0299 0.0655 0.0763 0.0145 0.0419 0.0669 0.0808 0.0089 0.0329 0.0657 0.0932 0.1097 0.0053 0.0348 0.0676 0.1099 0.1287 0.144 0.0017 0.0341 0.0783 0.1248 0.1562 0.1639 0.1866 0.0 0.0179 0.0936 0.1292 0.1778 0.1827 0.2058 0.2256 0.0082 0.0818 0.1304 0.1729 0.1885 0.201 0.2434 0.0605 0.1259 0.158 0.1819 0.1941 0.2459 0.1112 0.1557 0.174 0.2001 0.2348 0.156 0.1662 0.1922 0.25 0.1683 0.1804 0.2301 0.1762 0.2052 0.1906
-5.000 0.000 36 0.0782 0.0661 0.115 0.0473 0.0763 0.0753 0.0351 0.0522 0.0688 0.079 0.0279 0.0443 0.0643 0.0853 0.0956 0.021 0.0422 0.0615 0.0962 0.1076 0.1178 0.0156 0.0331 0.0568 0.0969 0.1214 0.1249 0.1452 0.0179 0.0 0.0553 0.0836 0.1282 0.1299 0.1523 0.1709 0.0399 0.0524 0.0797 0.1195 0.1324 0.1447 0.1858 0.0794 0.0877 0.1063 0.1269 0.1372 0.1895 0.109 0.1072 0.1163 0.1382 0.1697 0.1299 0.1161 0.1376 0.1889 0.132 0.1317 0.1814 0.137 0.1545 0.1464
-3.000 0.000 30 0.0862 0.0636 0.0916 0.0416 0.0605 0.0623 0.0245 0.0408 0.0583 0.0679 0.0245 0.0255 0.0519 0.0716 0.077 0.0375 0.0192 0.0386 0.0729 0.0797 0.0877 0.0629 0.0235 0.02 0.0651 0.0858 0.0885 0.1094 0.0936 0.0553 0.0 0.0427 0.0878 0.0885 0.1126 0.1314 0.1088 0.0336 0.0283 0.0734 0.0862 0.1013 0.1424 0.0846 0.0416 0.0596 0.0809 0.0913 0.1464 0.0761 0.0584 0.0744 0.0949 0.1248 0.0758 0.0713 0.0986 0.1429 0.0772 0.0917 0.1479 0.0881 0.1222 0.104
-1.000 0.000 24 0.1047 0.0828 0.0749 0.0636 0.0595 0.0452 0.048 0.05 0.047 0.0375 0.0418 0.0435 0.0462 0.0404 0.0338 0.0535 0.0401 0.0386 0.0408 0.0346 0.0403 0.0875 0.0494 0.0308 0.0296 0.0347 0.0361 0.0582 0.1292 0.0836 0.0427 0.0 0.0321 0.0305 0.0575 0.0764 0.1422 0.0679 0.0358 0.0288 0.0317 0.0486 0.088 0.1091 0.0631 0.043 0.036 0.0406 0.0969 0.0903 0.0613 0.0466 0.05 0.0716 0.0783 0.0601 0.0704 0.0889 0.0744 0.0806 0.1155 0.0829 0.1156 0.103
1.000 0.000 24 0.0818 0.0687 0.0313 0.0645 0.031 0.0148 0.064 0.0394 0.0163 0.0097 0.0695 0.0516 0.0244 0.0086 0.0113 0.0857 0.0676 0.0379 0.011 0.0068 0.0211 0.1272 0.0889 0.0604 0.0146 0.0046 0.0153 0.0428 0.1778 0.1282 0.0878 0.0321 0.0 0.0076 0.0422 0.0612 0.1843 0.1086 0.0615 0.0125 0.0051 0.0316 0.069 0.1405 0.0829 0.0329 0.0094 0.0196 0.0806 0.1018 0.0526 0.0239 0.0231 0.0625 0.0698 0.045 0.0465 0.064 0.0615 0.0739 0.0931 0.0802 0.1143 0.1118
3.000 0.000 30 0.0761 0.0558 0.0268 0.049 0.0156 0.0133 0.0512 0.023 0.0095 0.0134 0.0609 0.0399 0.0142 0.0078 0.0172 0.0824 0.0627 0.0301 0.0079 0.0096 0.0253 0.1282 0.0897 0.0584 0.0142 0.0064 0.0149 0.0374 0.1827 0.1299 0.0885 0.0305 0.0076 0.0 0.0327 0.0444 0.1844 0.108 0.0575 0.0147 0.0122 0.0277 0.0494 0.1332 0.0738 0.0287 0.0185 0.0349 0.0689 0.0844 0.0442 0.034 0.0427 0.0892 0.06 0.0588 0.0723 0.0904 0.0781 0.1079 0.1142 0.1213 0.1418 0.1553
5.000 0.000 36 0.0986 0.0712 0.0453 0.0604 0.0308 0.0323 0.0614 0.0344 0.0247 0.0315 0.0715 0.0507 0.0281 0.0252 0.0255 0.0973 0.0782 0.0469 0.0282 0.0247 0.0182 0.1472 0.1097 0.0788 0.0383 0.0319 0.0174 0.0111 0.2058 0.1523 0.1126 0.0575 0.0422 0.0327 0.0 0.0092 0.2079 0.1341 0.0862 0.0526 0.0548 0.0243 0.0102 0.1575 0.1035 0.069 0.0687 0.0686 0.0254 0.1152 0.0906 0.0934 0.0988 0.0878 0.1141 0.1322 0.1397 0.1367 0.1607 0.1864 0.1735 0.207 0.2064 0.2241
7.000 0.000 42 0.1304 0.0906 0.0705 0.071 0.0453 0.0528 0.0694 0.0432 0.0371 0.046 0.0798 0.059 0.0381 0.0351 0.0327 0.1069 0.0876 0.0562 0.0378 0.0314 0.0195 0.1615 0.124 0.0923 0.0524 0.0441 0.024 0.0059 0.2256 0.1709 0.1314 0.0764 0.0612 0.0444 0.0092 0.0 0.2265 0.1537 0.106 0.0744 0.0717 0.0256 0.0027 0.1759 0.1246 0.0935 0.0908 0.0722 0.0107 0.142 0.1241 0.1254 0.114 0.0636 0.1566 0.1747 0.162 0.1288 0.2106 0.2126 0.1733 0.2456 0.2118 0.2421
-6.000 1.000 36 0.1103 0.0988 0.1559 0.0788 0.1227 0.1281 0.0602 0.1004 0.1264 0.1436 0.0501 0.0911 0.125 0.1524 0.1662 0.0357 0.0896 0.121 0.1627 0.1761 0.1851 0.0179 0.0781 0.1165 0.1608 0.1858 0.1887 0.2095 0.0082 0.0399 0.1088 0.1422 0.1843 0.1844 0.2079 0.2265 0.0 0.0794 0.1232 0.1623 0.1741 0.1838 0.2305 0.0498 0.1062 0.1362 0.1577 0.1702 0.2225 0.0933 0.1235 0.1409 0.1703 0.2094 0.1274 0.1321 0.1559 0.2167 0.1381 0.146 0.1934 0.1447 0.1649 0.1533
-4.000 1.000 30 0.103 0.084 0.1157 0.0686 0.0839 0.0888 0.0574 0.0626 0.0848 0.0997 0.0615 0.0541 0.079 0.1035 0.1106 0.0707 0.0535 0.0675 0.1068 0.1133 0.1187 0.0753 0.0553 0.0508 0.0957 0.115 0.116 0.1375 0.0818 0.0524 0.0336 0.0679 0.1086 0.108 0.1341 0.1537 0.0794 0.0 0.0416 0.0865 0.0989 0.1114 0.1595 0.048 0.0343 0.0621 0.0853 0.0989 0.1544 0.0563 0.0546 0.0719 0.1012 0.1392 0.071 0.0668 0.0923 0.1509 0.0749 0.0823 0.1364 0.0818 0.1064 0.0938
-2.000 1.000 24 0.1279 0.1005 0.1088 0.0725 0.092 0.0868 0.0521 0.0742 0.0862 0.0797 0.0476 0.0565 0.0819 0.0819 0.0722 0.0654 0.0451 0.0667 0.0816 0.0704 0.0712 0.099 0.0501 0.0427 0.0685 0.0692 0.0671 0.0901 0.1304 0.0797 0.0283 0.0358 0.0615 0.0575 0.0862 0.106 0.1232 0.0416 0.0 0.043 0.0503 0.0647 0.1131 0.0784 0.0272 0.0275 0.0445 0.0559 0.1135 0.0566 0.0325 0.0407 0.0629 0.097 0.0482 0.0424 0.0691 0.1111 0.0496 0.0644 0.1157 0.062 0.0942 0.0792
0.000 1.000 18 0.115 0.1019 0.0637 0.0926 0.0633 0.037 0.0846 0.0712 0.0427 0.0232 0.0824 0.0759 0.054 0.0265 0.0197 0.0978 0.0786 0.0615 0.0317 0.0176 0.0298 0.1334 0.0883 0.0658 0.0321 0.0165 0.0244 0.0558 0.1729 0.1195 0.0734 0.0288 0.0125 0.0147 0.0526 0.0744 0.1623 0.0865 0.043 0.0 0.0094 0.0333 0.0839 0.1128 0.0589 0.0193 0.0097 0.0224 0.086 0.0763 0.0376 0.019 0.029 0.0636 0.0533 0.0365 0.0484 0.0752 0.0505 0.0639 0.0977 0.0671 0.1022 0.0943
2.000 1.000 24 0.0755 0.0662 0.0275 0.0644 0.0261 0.0133 0.0699 0.0381 0.0137 0.0147 0.0806 0.0586 0.023 0.0096 0.023 0.1035 0.081 0.0416 0.011 0.014 0.0405 0.1436 0.0984 0.066 0.0177 0.0076 0.0291 0.0615 0.1885 0.1324 0.0862 0.0317 0.0051 0.0122 0.0548 0.0717 0.1741 0.0989 0.0503 0.0094 0.0 0.0349 0.0801 0.1182 0.0631 0.0229 0.0082 0.0177 0.084 0.0746 0.0396 0.0261 0.0243 0.0631 0.0564 0.0521 0.0569 0.0654 0.072 0.0907 0.0971 0.1061 0.1235 0.1312
4.000 1.000 30 0.094 0.0722 0.0432 0.0656 0.0341 0.0371 0.0693 0.0409 0.0285 0.0388 0.0815 0.0588 0.0322 0.0318 0.0393 0.1068 0.0841 0.0474 0.0311 0.0348 0.0398 0.1536 0.1106 0.0783 0.0359 0.0325 0.0327 0.0337 0.201 0.1447 0.1013 0.0486 0.0316 0.0277 0.0243 0.0256 0.1838 0.1114 0.0647 0.0333 0.0349 0.0 0.0254 0.1305 0.0804 0.0489 0.0445 0.0398 0.0372 0.0949 0.0725 0.0705 0.0662 0.0766 0.0954 0.1075 0.1076 0.1029 0.1358 0.1506 0.1334 0.1704 0.1653 0.1825
6.000 1.000 36 0.1162 0.0883 0.062 0.0806 0.0491 0.0486 0.0869 0.0568 0.0435 0.0453 0.1037 0.0787 0.0517 0.0434 0.0357 0.136 0.1116 0.0736 0.0517 0.0403 0.0236 0.1881 0.1445 0.1096 0.0652 0.0535 0.0302 0.0092 0.2434 0.1858 0.1424 0.088 0.069 0.0494 0.0102 0.0027 0.2305 0.1595 0.1131 0.0839 0.0801 0.0254 0.0 0.1791 0.1319 0.1037 0.0987 0.0766 0.0106 0.1524 0.1365 0.1351 0.118 0.0703 0.1761 0.1893 0.169 0.1326 0.2228 0.2175 0.1787 0.2371 0.2149 0.2349
-5.000 2.000 30 0.1546 0.1405 0.1624 0.1253 0.1366 0.1352 0.118 0.1179 0.1338 0.1473 0.1169 0.1109 0.1286 0.1518 0.1556 0.1091 0.1139 0.1162 0.1535 0.1552 0.1551 0.0833 0.1104 0.1017 0.1394 0.1537 0.1463 0.1654 0.0605 0.0794 0.0846 0.1091 0.1405 0.1332 0.1575 0.1759 0.0498 0.048 0.0784 0.1128 0.1182 0.1305 0.1791 0.0 0.0563 0.0836 0.1021 0.1164 0.1711 0.0432 0.0715 0.088 0.1204 0.1663 0.0758 0.082 0.1105 0.1742 0.0858 0.0953 0.1427 0.0933 0.1145 0.1024
-3.000 2.000 24 0.1391 0.11 0.1359 0.0837 0.1106 0.1187 0.0677 0.0895 0.1161 0.1143 0.076 0.0707 0.1095 0.1162 0.1025 0.0995 0.0647 0.0884 0.1165 0.0994 0.0957 0.119 0.0729 0.0616 0.0981 0.0967 0.0867 0.1105 0.1259 0.0877 0.0416 0.0631 0.0829 0.0738 0.1035 0.1246 0.1062 0.0343 0.0272 0.0589 0.0631 0.0804 0.1319 0.0563 0.0 0.0325 0.0528 0.0695 0.1287 0.0322 0.0208 0.0404 0.0746 0.1202 0.0324 0.0343 0.0674 0.1297 0.0382 0.054 0.1078 0.0497 0.0774 0.0631
-1.000 2.000 18 0.1543 0.1371 0.1103 0.1153 0.1067 0.0744 0.0935 0.1056 0.0824 0.0522 0.085 0.0954 0.0917 0.0578 0.0396 0.1014 0.082 0.0915 0.0639 0.0372 0.046 0.1385 0.0823 0.0741 0.0615 0.037 0.038 0.0739 0.158 0.1063 0.0596 0.043 0.0329 0.0287 0.069 0.0935 0.1362 0.0621 0.0275 0.0193 0.0229 0.0489 0.1037 0.0836 0.0325 0.0 0.019 0.0386 0.1038 0.0496 0.0175 0.016 0.046 0.0894 0.0333 0.023 0.0495 0.1007 0.0344 0.048 0.0989 0.0489 0.0812 0.0682
1.000 2.000 18 0.0975 0.0917 0.0407 0.0939 0.0484 0.0213 0.0953 0.0653 0.0276 0.0166 0.0983 0.0849 0.0432 0.0155 0.0239 0.1155 0.0959 0.062 0.0213 0.0163 0.0486 0.1552 0.1039 0.0757 0.0288 0.0117 0.0356 0.0794 0.1819 0.1269 0.0809 0.036 0.0094 0.0185 0.0687 0.0908 0.1577 0.0853 0.0445 0.0097 0.0082 0.0445 0.0987 0.1021 0.0528 0.019 0.0 0.0243 0.0971 0.0647 0.0351 0.0192 0.0242 0.0672 0.051 0.044 0.048 0.071 0.0605 0.0742 0.0922 0.083 0.1096 0.1081
3.000 2.000 24 0.0898 0.0721 0.0442 0.0698 0.0336 0.0364 0.0772 0.0442 0.0291 0.0444 0.0903 0.0655 0.0313 0.0318 0.0594 0.1142 0.0891 0.0489 0.0257 0.0441 0.0746 0.1586 0.1078 0.0737 0.0286 0.0284 0.0601 0.0778 0.1941 0.1372 0.0913 0.0406 0.0196 0.0349 0.0686 0.0722 0.1702 0.0989 0.0559 0.0224 0.0177 0.0398 0.0766 0.1164 0.0695 0.0386 0.0243 0.0 0.0766 0.0885 0.0666 0.0546 0.0297 0.0463 0.0933 0.0941 0.0751 0.0563 0.1214 0.1182 0.0912 0.1402 0.1249 0.1456
5.000 2.000 30 0.1273 0.106 0.077 0.1031 0.0713 0.0661 0.1117 0.0827 0.0659 0.0653 0.13 0.1049 0.0754 0.066 0.058 0.1573 0.1327 0.0949 0.073 0.0652 0.0442 0.2038 0.1562 0.1226 0.0804 0.0755 0.0529 0.0237 0.2459 0.1895 0.1464 0.0969 0.0806 0.0689 0.0254 0.0107 0.2225 0.1544 0.1135 0.086 0.084 0.0372 0.0106 0.1711 0.1287 0.1038 0.0971 0.0766 0.0 0.1567 0.1419 0.1338 0.1068 0.0627 0.1795 0.1822 0.1521 0.1148 0.2073 0.1923 0.1526 0.2082 0.1858 0.2039
-4.000 3.000 24 0.1589 0.1354 0.1621 0.1184 0.1351 0.1461 0.1138 0.1145 0.1426 0.143 0.1308 0.1027 0.1348 0.1441 0.1241 0.1443 0.1062 0.1157 0.1431 0.12 0.1105 0.1343 0.118 0.0924 0.1256 0.115 0.0995 0.1233 0.1112 0.109 0.0761 0.0903 0.1018 0.0844 0.1152 0.142 0.0933 0.0563 0.0566 0.0763 0.0746 0.0949 0.1524 0.0432 0.0322 0.0496 0.0647 0.0885 0.1567 0.0 0.0324 0.0498 0.0899 0.1478 0.0284 0.0407 0.0732 0.1429 0.0382 0.056 0.1056 0.0477 0.0716 0.0558
-2.000 3.000 18 0.1767 0.1491 0.1458 0.1182 0.1355 0.1114 0.0921 0.1216 0.1192 0.0825 0.0895 0.1021 0.1203 0.0889 0.061 0.1195 0.084 0.1089 0.0963 0.0588 0.064 0.1492 0.0876 0.0825 0.0874 0.0586 0.0557 0.0953 0.1557 0.1072 0.0584 0.0613 0.0526 0.0442 0.0906 0.1241 0.1235 0.0546 0.0325 0.0376 0.0396 0.0725 0.1365 0.0715 0.0208 0.0175 0.0351 0.0666 0.1419 0.0324 0.0 0.023 0.0685 0.1278 0.0166 0.0154 0.0524 0.1224 0.0206 0.037 0.0915 0.0336 0.0618 0.0485
0.000 3.000 12 0.1374 0.1309 0.0751 0.1238 0.0855 0.0431 0.1128 0.1008 0.0551 0.0282 0.1044 0.1058 0.0752 0.0325 0.0323 0.119 0.1029 0.0885 0.0422 0.0261 0.061 0.1544 0.0997 0.0858 0.0491 0.025 0.0484 0.101 0.174 0.1163 0.0744 0.0466 0.0239 0.034 0.0934 0.1254 0.1409 0.0719 0.0407 0.019 0.0261 0.0705 0.1351 0.088 0.0404 0.016 0.0192 0.0546 0.1338 0.0498 0.023 0.0 0.048 0.1048 0.0358 0.0219 0.0367 0.0965 0.037 0.0428 0.0836 0.0489 0.0729 0.0667
2.000 3.000 18 0.0914 0.0858 0.0408 0.0912 0.0445 0.0292 0.1004 0.0622 0.0296 0.0387 0.1093 0.0875 0.0435 0.0271 0.0608 0.1295 0.1054 0.0652 0.0276 0.0424 0.0923 0.1703 0.1161 0.0865 0.0367 0.0272 0.0719 0.1115 0.2001 0.1382 0.0949 0.05 0.0231 0.0427 0.0988 0.114 0.1703 0.1012 0.0629 0.029 0.0243 0.0662 0.118 0.1204 0.0746 0.046 0.0242 0.0297 0.1068 0.0899 0.0685 0.048 0.0 0.0563 0.0884 0.0788 0.0456 0.0426 0.0961 0.0844 0.0639 0.1001 0.0907 0.1037
4.000 3.000 24 0.1391 0.1142 0.0941 0.1016 0.0801 0.0959 0.1082 0.083 0.0786 0.1045 0.1227 0.1003 0.0736 0.0897 0.1093 0.1497 0.1231 0.0848 0.0709 0.1027 0.1052 0.1955 0.1418 0.1076 0.0634 0.0822 0.1065 0.0831 0.2348 0.1697 0.1248 0.0716 0.0625 0.0892 0.0878 0.0636 0.2094 0.1392 0.097 0.0636 0.0631 0.0766 0.0703 0.1663 0.1202 0.0894 0.0672 0.0463 0.0627 0.1478 0.1278 0.1048 0.0563 0.0 0.1564 0.1449 0.0976 0.0456 0.1603 0.1333 0.0848 0.1472 0.119 0.1382
-3.000 4.000 18 0.1845 0.1512 0.1687 0.1219 0.1503 0.1385 0.1082 0.1291 0.1428 0.1077 0.125 0.1083 0.1417 0.113 0.0782 0.1562 0.1037 0.1216 0.1187 0.0761 0.0792 0.1729 0.1184 0.0933 0.1088 0.0754 0.0713 0.1171 0.156 0.1299 0.0758 0.0783 0.0698 0.06 0.1141 0.1566 0.1274 0.071 0.0482 0.0533 0.0564 0.0954 0.1761 0.0758 0.0324 0.0333 0.051 0.0933 0.1795 0.0284 0.0166 0.0358 0.0884 0.1564 0.0 0.0206 0.0572 0.1308 0.013 0.0353 0.0844 0.0248 0.0524 0.0362
-1.000 4.000 12 0.175 0.1621 0.1186 0.1394 0.125 0.0759 0.1131 0.1299 0.0907 0.0528 0.1046 0.1186 0.1081 0.0592 0.0529 0.128 0.0999 0.1124 0.0702 0.0479 0.0865 0.1603 0.0994 0.0934 0.0743 0.0466 0.0745 0.1382 0.1662 0.1161 0.0713 0.0601 0.045 0.0588 0.1322 0.1747 0.1321 0.0668 0.0424 0.0365 0.0521 0.1075 0.1893 0.082 0.0343 0.023 0.044 0.0941 0.1822 0.0407 0.0154 0.0219 0.0788 0.1449 0.0206 0.0 0.0428 0.116 0.0153 0.022 0.0734 0.0234 0.046 0.0369
1.000 4.000 12 0.1274 0.1291 0.0653 0.1318 0.0807 0.0498 0.1311 0.1052 0.0553 0.0544 0.1275 0.1218 0.0777 0.0484 0.0751 0.1422 0.1243 0.1012 0.0519 0.0622 0.1186 0.1768 0.1226 0.1067 0.064 0.0512 0.0971 0.1513 0.1922 0.1376 0.0986 0.0704 0.0465 0.0723 0.1397 0.162 0.1559 0.0923 0.0691 0.0484 0.0569 0.1076 0.169 0.1105 0.0674 0.0495 0.048 0.0751 0.1521 0.0732 0.0524 0.0367 0.0456 0.0976 0.0572 0.0428 0.0 0.0639 0.0519 0.034 0.0415 0.0487 0.0458 0.0534
3.000 4.000 18 0.1254 0.1131 0.0822 0.1195 0.0733 0.0804 0.1323 0.0914 0.0693 0.0987 0.1493 0.121 0.0741 0.0763 0.127 0.1758 0.1461 0.0996 0.0669 0.1 0.1476 0.2207 0.1626 0.1279 0.0704 0.0734 0.1288 0.1432 0.25 0.1889 0.1429 0.0889 0.064 0.0904 0.1367 0.1288 0.2167 0.1509 0.1111 0.0752 0.0654 0.1029 0.1326 0.1742 0.1297 0.1007 0.071 0.0563 0.1148 0.1429 0.1224 0.0965 0.0426 0.0456 0.1308 0.116 0.0639 0.0 0.1168 0.0889 0.0408 0.0982 0.0743 0.0913
-2.000 5.000 12 0.1974 0.1723 0.1518 0.1397 0.1516 0.1068 0.1128 0.143 0.1219 0.0745 0.1172 0.1229 0.1324 0.0827 0.0686 0.1563 0.1048 0.1263 0.0945 0.0646 0.1062 0.179 0.114 0.1 0.0942 0.0638 0.0935 0.1703 0.1683 0.132 0.0772 0.0744 0.0615 0.0781 0.1607 0.2106 0.1381 0.0749 0.0496 0.0505 0.072 0.1358 0.2228 0.0858 0.0382 0.0344 0.0605 0.1214 0.2073 0.0382 0.0206 0.037 0.0961 0.1603 0.013 0.0153 0.0519 0.1168 0.0 0.0234 0.0679 0.0124 0.0375 0.0237
0.000 5.000 6 0.1745 0.1701 0.1104 0.1603 0.1235 0.0832 0.14 0.1401 0.0939 0.0802 0.1261 0.1402 0.1139 0.0785 0.1047 0.144 0.1253 0.1259 0.0846 0.0903 0.1557 0.1758 0.1175 0.1148 0.0887 0.0802 0.1345 0.1985 0.1804 0.1317 0.0917 0.0806 0.0739 0.1079 0.1864 0.2126 0.146 0.0823 0.0644 0.0639 0.0907 0.1506 0.2175 0.0953 0.054 0.048 0.0742 0.1182 0.1923 0.056 0.037 0.0428 0.0844 0.1333 0.0353 0.022 0.034 0.0889 0.0234 0.0 0.0458 0.0167 0.0231 0.0228
2.000 5.000 12 0.1568 0.1577 0.1034 0.1688 0.1126 0.0939 0.1763 0.1379 0.0951 0.1088 0.1773 0.1648 0.1137 0.0942 0.1399 0.1913 0.1732 0.1407 0.095 0.1149 0.1753 0.225 0.1709 0.1556 0.1068 0.097 0.15 0.1826 0.2301 0.1814 0.1479 0.1155 0.0931 0.1142 0.1735 0.1733 0.1934 0.1364 0.1157 0.0977 0.0971 0.1334 0.1787 0.1427 0.1078 0.0989 0.0922 0.0912 0.1526 0.1056 0.0915 0.0836 0.0639 0.0848 0.0844 0.0734 0.0415 0.0408 0.0679 0.0458 0.0 0.0527 0.0319 0.0478
-1.000 6.000 6 0.1985 0.1868 0.1368 0.1614 0.1477 0.0985 0.1311 0.1544 0.1124 0.0887 0.1254 0.1402 0.1313 0.0893 0.1119 0.157 0.118 0.1355 0.0961 0.0983 0.1723 0.1845 0.1197 0.1131 0.0988 0.0893 0.1477 0.2268 0.1762 0.137 0.0881 0.0829 0.0802 0.1213 0.207 0.2456 0.1447 0.0818 0.062 0.0671 0.1061 0.1704 0.2371 0.0933 0.0497 0.0489 0.083 0.1402 0.2082 0.0477 0.0336 0.0489 0.1001 0.1472 0.0248 0.0234 0.0487 0.0982 0.0124 0.0167 0.0527 0.0 0.0228 0.0109
1.000 6.000 6 0.1922 0.1925 0.1314 0.1915 0.1453 0.1175 0.177 0.1664 0.1227 0.1273 0.1595 0.1753 0.1409 0.1176 0.1595 0.1727 0.1599 0.1566 0.1196 0.1362 0.2027 0.2032 0.1459 0.1489 0.1233 0.1211 0.1774 0.2182 0.2052 0.1545 0.1222 0.1156 0.1143 0.1418 0.2064 0.2118 0.1649 0.1064 0.0942 0.1022 0.1235 0.1653 0.2149 0.1145 0.0774 0.0812 0.1096 0.1249 0.1858 0.0716 0.0618 0.0729 0.0907 0.119 0.0524 0.046 0.0458 0.0743 0.0375 0.0231 0.0319 0.0228 0.0 0.0159
0.000 7.000 0 0.2073 0.2004 0.1432 0.1844 0.1563 0.1217 0.1566 0.1691 0.1287 0.13 0.1407 0.1617 0.1461 0.12 0.1643 0.1652 0.1396 0.1519 0.1208 0.1429 0.2153 0.1992 0.1318 0.1323 0.1197 0.1242 0.1888 0.2457 0.1906 0.1464 0.104 0.103 0.1118 0.1553 0.2241 0.2421 0.1533 0.0938 0.0792 0.0943 0.1312 0.1825 0.2349 0.1024 0.0631 0.0682 0.1081 0.1456 0.2039 0.0558 0.0485 0.0667 0.1037 0.1382 0.0362 0.0369 0.0534 0.0913 0.0237 0.0228 0.0478 0.0109 0.0159 0.0