n 64
m 2
tmax 25.0
0.000 -7.000 0 0.0 0.0137 0.0199 0.026 0.0325 0.0437 0.0393 0.0488 0.0509 0.0627 0.0508 0.0623 0.0631 0.0636 0.0826 0.0554 0.0709 0.0787 0.0754 0.0909 0.1024 0.0687 0.0696 0.0909 0.098 0.1113 0.1169 0.1071 0.0848 0.0679 0.093 0.1196 0.1354 0.1348 0.1212 0.1188 0.0694 0.0877 0.1303 0.1635 0.1431 0.136 0.129 0.081 0.1238 0.1792 0.1591 0.1433 0.1354 0.1102 0.177 0.1878 0.16 0.1411 0.1613 0.2145 0.1997 0.1614 0.2127 0.2338 0.2031 0.2371 0.2346 0.25
-1.000 -6.000 6 0.0137 0.0 0.0325 0.0123 0.0227 0.0531 0.026 0.029 0.0453 0.0669 0.0365 0.0406 0.0476 0.0598 0.0866 0.0417 0.0475 0.0582 0.0668 0.0904 0.108 0.0553 0.0479 0.066 0.0831 0.1047 0.1202 0.1144 0.0713 0.0473 0.065 0.0946 0.1248 0.1318 0.1276 0.1286 0.0501 0.0603 0.0992 0.1451 0.1371 0.1356 0.1371 0.0545 0.09 0.1529 0.1497 0.1382 0.1381 0.0772 0.1399 0.1711 0.1555 0.1382 0.1191 0.1846 0.1932 0.1617 0.1722 0.2145 0.2044 0.2048 0.2267 0.2283
1.000 -6.000 6 0.0199 0.0325 0.0 0.0484 0.0237 0.0239 0.0643 0.0467 0.0312 0.0413 0.0765 0.0661 0.0444 0.0422 0.0621 0.0795 0.0797 0.0655 0.0542 0.0719 0.0809 0.0887 0.0828 0.0852 0.0821 0.0915 0.0947 0.085 0.0997 0.0832 0.0943 0.1113 0.1164 0.112 0.0978 0.0986 0.084 0.0955 0.1313 0.143 0.1227 0.1126 0.106 0.0932 0.1327 0.1686 0.1361 0.1204 0.111 0.1234 0.1823 0.1635 0.1359 0.1171 0.179 0.2002 0.1723 0.1369 0.2146 0.2069 0.1749 0.2175 0.2056 0.2259
-2.000 -5.000 12 0.026 0.0123 0.0484 0.0 0.029 0.0638 0.0137 0.0187 0.0464 0.0695 0.0232 0.0239 0.0398 0.06 0.0915 0.0283 0.0289 0.0422 0.0637 0.0955 0.1167 0.0416 0.0287 0.044 0.0708 0.1066 0.1291 0.1262 0.0581 0.0293 0.0412 0.0723 0.1189 0.134 0.1381 0.1441 0.0339 0.0365 0.0683 0.1248 0.1328 0.138 0.1479 0.0321 0.0592 0.1196 0.1409 0.136 0.1405 0.0478 0.1003 0.1472 0.1529 0.1394 0.0799 0.147 0.1825 0.165 0.1249 0.1839 0.202 0.1614 0.2109 0.1914
0.000 -5.000 6 0.0325 0.0227 0.0237 0.029 0.0 0.0312 0.0421 0.0221 0.0197 0.0401 0.0513 0.0412 0.0263 0.0346 0.0625 0.0536 0.0533 0.0454 0.0437 0.0683 0.0842 0.0623 0.0567 0.0625 0.0649 0.0831 0.0966 0.0906 0.0734 0.0571 0.0698 0.0894 0.1042 0.1086 0.1033 0.1063 0.0582 0.0698 0.1054 0.1308 0.1122 0.1111 0.1122 0.0669 0.1036 0.1484 0.127 0.114 0.1116 0.0938 0.1525 0.1542 0.13 0.1131 0.1439 0.1834 0.1685 0.134 0.1863 0.1998 0.1741 0.2042 0.2028 0.2158
2.000 -5.000 12 0.0437 0.0531 0.0239 0.0638 0.0312 0.0 0.0731 0.0447 0.0174 0.0165 0.0788 0.0601 0.0326 0.0236 0.0394 0.0787 0.0734 0.0559 0.0454 0.0528 0.0567 0.0836 0.0785 0.0795 0.0784 0.0792 0.0713 0.0626 0.0915 0.0806 0.0934 0.1144 0.1065 0.0934 0.0754 0.0763 0.0827 0.0986 0.1471 0.1322 0.1098 0.0888 0.0834 0.1001 0.1568 0.1644 0.121 0.1012 0.0884 0.155 0.1886 0.1476 0.1189 0.0942 0.2015 0.1859 0.1552 0.1149 0.2069 0.1878 0.1537 0.2008 0.1855 0.2079
-3.000 -4.000 18 0.0393 0.026 0.0643 0.0137 0.0421 0.0731 0.0 0.0239 0.0544 0.0757 0.0084 0.0134 0.041 0.068 0.1043 0.0144 0.0122 0.0312 0.0661 0.1098 0.1338 0.0302 0.0122 0.0247 0.0595 0.1119 0.1452 0.1488 0.0459 0.0154 0.02 0.0504 0.1096 0.1366 0.1512 0.1658 0.0217 0.0169 0.0417 0.1055 0.1244 0.1374 0.1545 0.0153 0.0317 0.0851 0.1225 0.1292 0.1365 0.0238 0.0642 0.1184 0.1417 0.1333 0.0456 0.1058 0.1572 0.1591 0.0808 0.1476 0.1841 0.1127 0.1733 0.1443
-1.000 -4.000 12 0.0488 0.029 0.0467 0.0187 0.0221 0.0447 0.0239 0.0 0.0263 0.0469 0.0298 0.0189 0.0195 0.0409 0.0753 0.0317 0.0301 0.0286 0.0447 0.0804 0.1006 0.0387 0.033 0.0407 0.0557 0.0882 0.1134 0.1123 0.0497 0.0333 0.0453 0.0675 0.0995 0.1154 0.1206 0.1295 0.0348 0.0444 0.0771 0.1159 0.1144 0.1179 0.1276 0.0415 0.0727 0.125 0.1221 0.1158 0.1178 0.0633 0.1182 0.1414 0.133 0.1167 0.1036 0.157 0.1661 0.1426 0.1495 0.184 0.1827 0.1765 0.1979 0.1973
1.000 -4.000 12 0.0509 0.0453 0.0312 0.0464 0.0197 0.0174 0.0544 0.0263 0.0 0.0236 0.0587 0.0424 0.017 0.0187 0.0504 0.0588 0.0558 0.0414 0.0326 0.0549 0.0704 0.0648 0.0632 0.0643 0.0631 0.0712 0.0802 0.0792 0.0733 0.0656 0.0789 0.0976 0.0969 0.0914 0.0894 0.0944 0.0675 0.0833 0.1278 0.1212 0.0993 0.0966 0.0974 0.0833 0.135 0.1483 0.1138 0.0974 0.0957 0.1295 0.1718 0.1399 0.1133 0.0975 0.179 0.1761 0.1505 0.1154 0.1958 0.1826 0.1532 0.1916 0.1833 0.2017
3.000 -4.000 18 0.0627 0.0669 0.0413 0.0695 0.0401 0.0165 0.0757 0.0469 0.0236 0.0 0.0817 0.0655 0.0425 0.0236 0.0231 0.0848 0.0852 0.0742 0.0572 0.0398 0.0378 0.094 0.0993 0.108 0.0998 0.0729 0.0498 0.0421 0.1058 0.1079 0.1316 0.1473 0.1041 0.0732 0.0507 0.0552 0.1147 0.1467 0.1911 0.1311 0.0898 0.0629 0.0591 0.1581 0.2119 0.1565 0.1057 0.0751 0.0605 0.2214 0.1833 0.1333 0.0935 0.0654 0.2067 0.1708 0.1334 0.083 0.1908 0.1695 0.1201 0.1822 0.1567 0.1864
-4.000 -3.000 24 0.0508 0.0365 0.0765 0.0232 0.0513 0.0788 0.0084 0.0298 0.0587 0.0817 0.0 0.0122 0.0422 0.0756 0.1202 0.0081 0.005 0.0245 0.0662 0.1208 0.153 0.0253 0.0058 0.0139 0.0493 0.1097 0.1489 0.1615 0.0397 0.0119 0.0099 0.0351 0.0993 0.1306 0.1505 0.173 0.0203 0.0092 0.0253 0.0853 0.1121 0.1264 0.1452 0.0107 0.0177 0.062 0.1025 0.1178 0.122 0.0131 0.0406 0.0894 0.1258 0.1235 0.026 0.0752 0.1291 0.1483 0.0511 0.1091 0.1548 0.0768 0.133 0.0988
-2.000 -3.000 18 0.0623 0.0406 0.0661 0.0239 0.0412 0.0601 0.0134 0.0189 0.0424 0.0655 0.0122 0.0 0.0286 0.0602 0.104 0.0137 0.0106 0.0184 0.0547 0.105 0.1334 0.0231 0.0137 0.0202 0.0481 0.0995 0.1333 0.1421 0.0315 0.0154 0.0228 0.0466 0.0948 0.1236 0.1385 0.1565 0.0166 0.0223 0.047 0.0959 0.1121 0.1218 0.1382 0.0199 0.0427 0.0913 0.1151 0.1154 0.1186 0.035 0.0791 0.1169 0.1311 0.1188 0.0642 0.1193 0.1549 0.1484 0.1036 0.1519 0.1778 0.1329 0.1787 0.1583
0.000 -3.000 12 0.0631 0.0476 0.0444 0.0398 0.0263 0.0326 0.041 0.0195 0.017 0.0425 0.0422 0.0286 0.0 0.0326 0.0766 0.0414 0.0396 0.0239 0.0284 0.0727 0.0978 0.0479 0.0446 0.045 0.0451 0.0719 0.0982 0.1039 0.0539 0.0467 0.0565 0.0734 0.0833 0.0931 0.1055 0.1192 0.0482 0.0609 0.097 0.1078 0.0906 0.0979 0.1096 0.0606 0.1031 0.1272 0.1029 0.094 0.0965 0.097 0.1398 0.1285 0.1088 0.0939 0.1426 0.1593 0.145 0.1164 0.1683 0.1728 0.1536 0.1769 0.178 0.1883
2.000 -3.000 18 0.0636 0.0598 0.0422 0.06 0.0346 0.0236 0.068 0.0409 0.0187 0.0236 0.0756 0.0602 0.0326 0.0 0.0398 0.0794 0.0795 0.063 0.0338 0.0339 0.0512 0.0887 0.0905 0.0933 0.076 0.0536 0.0543 0.0552 0.0977 0.0984 0.1177 0.1222 0.0801 0.064 0.059 0.0679 0.1041 0.1319 0.1659 0.1043 0.0741 0.0626 0.0659 0.1403 0.1851 0.1331 0.0861 0.067 0.0614 0.1896 0.1596 0.1134 0.0809 0.0635 0.1793 0.1487 0.119 0.0804 0.1686 0.1511 0.1152 0.1619 0.1476 0.1708
4.000 -3.000 24 0.0826 0.0866 0.0621 0.0915 0.0625 0.0394 0.1043 0.0753 0.0504 0.0231 0.1202 0.104 0.0766 0.0398 0.0 0.1312 0.1324 0.1146 0.0739 0.0236 0.0123 0.1457 0.1505 0.152 0.1144 0.0555 0.0204 0.0178 0.1604 0.1662 0.1858 0.155 0.0809 0.0375 0.0228 0.0336 0.1781 0.2058 0.1876 0.0973 0.0514 0.0297 0.0343 0.2149 0.1963 0.1138 0.0652 0.0361 0.0317 0.1959 0.1354 0.0925 0.0509 0.0309 0.1545 0.1307 0.0857 0.0423 0.1509 0.1222 0.0713 0.1368 0.1037 0.1368
-5.000 -2.000 30 0.0554 0.0417 0.0795 0.0283 0.0536 0.0787 0.0144 0.0317 0.0588 0.0848 0.0081 0.0137 0.0414 0.0794 0.1312 0.0 0.0058 0.0216 0.0651 0.1271 0.1647 0.0165 0.0056 0.0114 0.0448 0.1092 0.1492 0.1637 0.0286 0.0109 0.0079 0.0293 0.0917 0.1203 0.1382 0.1618 0.0181 0.0081 0.0187 0.0736 0.1049 0.1178 0.1317 0.0101 0.0128 0.0457 0.0874 0.1104 0.1134 0.0102 0.0278 0.0702 0.1122 0.1207 0.0172 0.0552 0.1082 0.1385 0.0337 0.0821 0.1328 0.0526 0.0989 0.0674
-3.000 -2.000 24 0.0709 0.0475 0.0797 0.0289 0.0533 0.0734 0.0122 0.0301 0.0558 0.0852 0.005 0.0106 0.0396 0.0795 0.1324 0.0058 0.0 0.0202 0.0654 0.127 0.1618 0.0149 0.0041 0.01 0.0458 0.1083 0.1467 0.1597 0.0228 0.0066 0.0096 0.0334 0.092 0.1195 0.1373 0.1605 0.0091 0.0097 0.0275 0.0793 0.1082 0.1184 0.133 0.009 0.0225 0.063 0.1007 0.1126 0.1134 0.0175 0.049 0.0932 0.1229 0.1198 0.0363 0.084 0.1317 0.1476 0.0652 0.1195 0.1589 0.0899 0.1416 0.1146
-1.000 -2.000 18 0.0787 0.0582 0.0655 0.0422 0.0454 0.0559 0.0312 0.0286 0.0414 0.0742 0.0245 0.0184 0.0239 0.063 0.1146 0.0216 0.0202 0.0 0.0451 0.104 0.1341 0.0274 0.0233 0.0194 0.0322 0.0853 0.12 0.1307 0.0335 0.0253 0.0303 0.0432 0.0767 0.098 0.114 0.1353 0.0254 0.0342 0.0609 0.0851 0.0861 0.0975 0.112 0.0338 0.0638 0.097 0.0929 0.0922 0.093 0.0594 0.0991 0.1098 0.1093 0.0948 0.0944 0.1285 0.1371 0.1245 0.1273 0.1511 0.1582 0.1463 0.1662 0.1635
1.000 -2.000 18 0.0754 0.0668 0.0542 0.0637 0.0437 0.0454 0.0661 0.0447 0.0326 0.0572 0.0662 0.0547 0.0284 0.0338 0.0739 0.0651 0.0654 0.0451 0.0 0.0536 0.0771 0.0715 0.0722 0.0703 0.0414 0.0384 0.0657 0.074 0.0791 0.0779 0.0911 0.0869 0.0512 0.0544 0.0652 0.0837 0.0823 0.1059 0.1265 0.0743 0.0512 0.0548 0.0658 0.113 0.1463 0.1016 0.0602 0.0514 0.0518 0.1496 0.1275 0.0881 0.0648 0.0485 0.1453 0.1237 0.0979 0.0709 0.1409 0.129 0.105 0.1371 0.13 0.1479
3.000 -2.000 24 0.0909 0.0904 0.0719 0.0955 0.0683 0.0528 0.1098 0.0804 0.0549 0.0398 0.1208 0.105 0.0727 0.0339 0.0236 0.1271 0.127 0.104 0.0536 0.0 0.0204 0.1362 0.1387 0.1341 0.0858 0.0303 0.0174 0.0241 0.1467 0.1486 0.1592 0.1197 0.0533 0.0256 0.0235 0.0396 0.1591 0.1769 0.1475 0.0675 0.0354 0.0243 0.0329 0.179 0.1537 0.0835 0.0481 0.0266 0.0264 0.1499 0.1056 0.0717 0.0411 0.025 0.1235 0.1094 0.0779 0.0367 0.1276 0.1097 0.0686 0.1216 0.1014 0.1286
5.000 -2.000 30 0.1024 0.108 0.0809 0.1167 0.0842 0.0567 0.1338 0.1006 0.0704 0.0378 0.153 0.1334 0.0978 0.0512 0.0123 0.1647 0.1618 0.1341 0.0771 0.0204 0.0 0.1727 0.1727 0.1611 0.1007 0.0391 0.0089 0.0091 0.1807 0.1792 0.1787 0.118 0.0511 0.0195 0.0145 0.0263 0.1847 0.1835 0.1283 0.0568 0.0263 0.0197 0.0274 0.1676 0.1234 0.0693 0.0349 0.0213 0.026 0.1176 0.093 0.0612 0.0291 0.0228 0.1156 0.0996 0.0607 0.0288 0.1192 0.0922 0.0489 0.1067 0.0763 0.1077
-6.000 -1.000 36 0.0687 0.0553 0.0887 0.0416 0.0623 0.0836 0.0302 0.0387 0.0648 0.094 0.0253 0.0231 0.0479 0.0887 0.1457 0.0165 0.0149 0.0274 0.0715 0.1362 0.1727 0.0 0.0109 0.0141 0.0461 0.1145 0.1521 0.1639 0.01 0.0081 0.0096 0.0292 0.0944 0.1205 0.1337 0.1534 0.0088 0.0076 0.017 0.0657 0.0968 0.1092 0.1195 0.0071 0.0107 0.0368 0.0756 0.1031 0.1075 0.0075 0.0208 0.0596 0.1022 0.1163 0.0103 0.0425 0.0956 0.1335 0.0232 0.0624 0.1162 0.0375 0.0737 0.0458
-4.000 -1.000 30 0.0696 0.0479 0.0828 0.0287 0.0567 0.0785 0.0122 0.033 0.0632 0.0993 0.0058 0.0137 0.0446 0.0905 0.1505 0.0056 0.0041 0.0233 0.0722 0.1387 0.1727 0.0109 0.0 0.0096 0.0473 0.1166 0.1525 0.1631 0.0165 0.0029 0.0044 0.029 0.0944 0.1199 0.1332 0.1532 0.0055 0.0038 0.0172 0.0691 0.0983 0.1094 0.1202 0.0039 0.0114 0.044 0.0855 0.108 0.1097 0.0082 0.0299 0.0707 0.1103 0.1188 0.0188 0.0589 0.1088 0.1392 0.0392 0.0863 0.1345 0.0592 0.1051 0.0747
-2.000 -1.000 24 0.0909 0.066 0.0852 0.044 0.0625 0.0795 0.0247 0.0407 0.0643 0.108 0.0139 0.0202 0.045 0.0933 0.152 0.0114 0.01 0.0194 0.0703 0.1341 0.1611 0.0141 0.0096 0.0 0.0432 0.1083 0.1394 0.1472 0.019 0.0109 0.0111 0.0274 0.0848 0.1073 0.1195 0.139 0.012 0.0153 0.0314 0.0709 0.0894 0.0974 0.1084 0.016 0.0332 0.064 0.0851 0.0986 0.0964 0.0303 0.0611 0.0875 0.1111 0.1059 0.0541 0.0925 0.1263 0.1349 0.0843 0.1195 0.1511 0.1045 0.1433 0.1243
0.000 -1.000 18 0.098 0.0831 0.0821 0.0708 0.0649 0.0784 0.0595 0.0557 0.0631 0.0998 0.0493 0.0481 0.0451 0.076 0.1144 0.0448 0.0458 0.0322 0.0414 0.0858 0.1007 0.0461 0.0473 0.0432 0.0 0.0512 0.0766 0.0828 0.0535 0.0525 0.0613 0.0449 0.0342 0.051 0.0624 0.0817 0.0576 0.0729 0.0822 0.047 0.0397 0.0455 0.0573 0.0775 0.0978 0.0699 0.0464 0.0428 0.0393 0.1014 0.0922 0.0658 0.0597 0.0429 0.1046 0.0984 0.0899 0.0696 0.1118 0.1101 0.1045 0.1136 0.1209 0.1257
2.000 -1.000 24 0.1113 0.1047 0.0915 0.1066 0.0831 0.0792 0.1119 0.0882 0.0712 0.0729 0.1097 0.0995 0.0719 0.0536 0.0555 0.1092 0.1083 0.0853 0.0384 0.0303 0.0391 0.1145 0.1166 0.1083 0.0512 0.0 0.0256 0.0343 0.122 0.1223 0.1262 0.0781 0.0215 0.0154 0.025 0.0444 0.1265 0.1331 0.101 0.0363 0.0164 0.0177 0.0292 0.1319 0.1077 0.0545 0.0278 0.0173 0.019 0.1055 0.0763 0.0545 0.0297 0.0187 0.0945 0.088 0.0664 0.0354 0.1049 0.0954 0.0676 0.1052 0.0965 0.1182
4.000 -1.000 30 0.1169 0.1202 0.0947 0.1291 0.0966 0.0713 0.1452 0.1134 0.0802 0.0498 0.1489 0.1333 0.0982 0.0543 0.0204 0.1492 0.1467 0.12 0.0657 0.0174 0.0089 0.1521 0.1525 0.1394 0.0766 0.0256 0.0 0.0145 0.1544 0.1518 0.1477 0.0868 0.0334 0.0097 0.0095 0.0294 0.1458 0.1404 0.0948 0.0389 0.0158 0.0103 0.0202 0.125 0.0939 0.0534 0.026 0.0119 0.0143 0.094 0.0799 0.0517 0.023 0.0121 0.1027 0.091 0.054 0.021 0.109 0.0864 0.0448 0.099 0.0731 0.1041
6.000 -1.000 36 0.1071 0.1144 0.085 0.1262 0.0906 0.0626 0.1488 0.1123 0.0792 0.0421 0.1615 0.1421 0.1039 0.0552 0.0178 0.1637 0.1597 0.1307 0.074 0.0241 0.0091 0.1639 0.1631 0.1472 0.0828 0.0343 0.0145 0.0 0.1626 0.158 0.15 0.0864 0.04 0.022 0.0139 0.0151 0.1444 0.135 0.0895 0.043 0.0254 0.0213 0.0185 0.114 0.0893 0.0578 0.0316 0.0226 0.0201 0.097 0.0892 0.06 0.0284 0.02 0.1162 0.0995 0.0574 0.0236 0.1162 0.0852 0.0404 0.0981 0.0644 0.0944
-7.000 0.000 42 0.0848 0.0713 0.0997 0.0581 0.0734 0.0915 0.0459 0.0497 0.0733 0.1058 0.0397 0.0315 0.0539 0.0977 0.1604 0.0286 0.0228 0.0335 0.0791 0.1467 0.1807 0.01 0.0165 0.019 0.0535 0.122 0.1544 0.1626 0.0 0.0088 0.0105 0.0287 0.0964 0.1191 0.1275 0.1425 0.0034 0.0061 0.0149 0.0602 0.0897 0.1011 0.1082 0.0035 0.0078 0.0321 0.0671 0.0935 0.0969 0.0039 0.015 0.0533 0.0986 0.116 0.0055 0.0315 0.085 0.1314 0.016 0.045 0.0973 0.0283 0.0518 0.0343
-5.000 0.000 36 0.0679 0.0473 0.0832 0.0293 0.0571 0.0806 0.0154 0.0333 0.0656 0.1079 0.0119 0.0154 0.0467 0.0984 0.1662 0.0109 0.0066 0.0253 0.0779 0.1486 0.1792 0.0081 0.0029 0.0109 0.0525 0.1223 0.1518 0.158 0.0088 0.0 0.0038 0.0273 0.0967 0.1179 0.1254 0.1403 0.0024 0.0017 0.013 0.0611 0.0903 0.1008 0.1078 0.0015 0.0065 0.0335 0.0693 0.0942 0.0968 0.0036 0.0196 0.0578 0.1004 0.1146 0.0093 0.0415 0.0939 0.1327 0.0232 0.0614 0.1139 0.038 0.0744 0.0477
-3.000 0.000 30 0.093 0.065 0.0943 0.0412 0.0698 0.0934 0.02 0.0453 0.0789 0.1316 0.0099 0.0228 0.0565 0.1177 0.1858 0.0079 0.0096 0.0303 0.0911 0.1592 0.1787 0.0096 0.0044 0.0111 0.0613 0.1262 0.1477 0.15 0.0105 0.0038 0.0 0.0314 0.0983 0.1147 0.1199 0.1339 0.0045 0.0046 0.0155 0.0644 0.0901 0.0981 0.1042 0.0059 0.0138 0.0413 0.0742 0.0942 0.0943 0.0127 0.0331 0.0668 0.1039 0.1115 0.0265 0.0614 0.106 0.1334 0.0482 0.0897 0.1307 0.0656 0.107 0.0828
-1.000 0.000 24 0.1196 0.0946 0.1113 0.0723 0.0894 0.1144 0.0504 0.0675 0.0976 0.1473 0.0351 0.0466 0.0734 0.1222 0.155 0.0293 0.0334 0.0432 0.0869 0.1197 0.118 0.0292 0.029 0.0274 0.0449 0.0781 0.0868 0.0864 0.0287 0.0273 0.0314 0.0 0.047 0.0561 0.0596 0.0737 0.0299 0.0378 0.0343 0.0309 0.0432 0.0467 0.0517 0.0404 0.0486 0.0363 0.0425 0.0495 0.0457 0.0519 0.052 0.0523 0.0658 0.0573 0.0606 0.0692 0.085 0.0873 0.0757 0.0909 0.1066 0.0851 0.1085 0.1017
1.000 0.000 24 0.1354 0.1248 0.1164 0.1189 0.1042 0.1065 0.1096 0.0995 0.0969 0.1041 0.0993 0.0948 0.0833 0.0801 0.0809 0.0917 0.092 0.0767 0.0512 0.0533 0.0511 0.0944 0.0944 0.0848 0.0342 0.0215 0.0334 0.04 0.0964 0.0967 0.0983 0.047 0.0 0.0164 0.0242 0.0415 0.0925 0.095 0.0656 0.0168 0.0105 0.0154 0.0235 0.0874 0.0716 0.0361 0.019 0.0171 0.0161 0.0751 0.0598 0.0441 0.0335 0.0225 0.0777 0.076 0.0662 0.0465 0.0921 0.0895 0.0775 0.0936 0.0997 0.1121
3.000 0.000 30 0.1348 0.1318 0.112 0.134 0.1086 0.0934 0.1366 0.1154 0.0914 0.0732 0.1306 0.1236 0.0931 0.064 0.0375 0.1203 0.1195 0.098 0.0544 0.0256 0.0195 0.1205 0.1199 0.1073 0.051 0.0154 0.0097 0.022 0.1191 0.1179 0.1147 0.0561 0.0164 0.0 0.0103 0.0298 0.1063 0.1033 0.0672 0.0244 0.0064 0.0049 0.0148 0.0887 0.0719 0.0432 0.0183 0.0061 0.0074 0.0808 0.0731 0.0482 0.0194 0.0078 0.0971 0.0867 0.0539 0.0209 0.1038 0.0856 0.0481 0.0963 0.0773 0.106
5.000 0.000 36 0.1212 0.1276 0.0978 0.1381 0.1033 0.0754 0.1512 0.1206 0.0894 0.0507 0.1505 0.1385 0.1055 0.059 0.0228 0.1382 0.1373 0.114 0.0652 0.0235 0.0145 0.1337 0.1332 0.1195 0.0624 0.025 0.0095 0.0139 0.1275 0.1254 0.1199 0.0596 0.0242 0.0103 0.0 0.0185 0.1089 0.104 0.0671 0.0288 0.0122 0.0068 0.009 0.0885 0.0747 0.0486 0.0216 0.0087 0.0069 0.09 0.0825 0.0501 0.0185 0.007 0.1103 0.0906 0.0468 0.014 0.1054 0.0752 0.0312 0.0876 0.0563 0.0871
7.000 0.000 42 0.1188 0.1286 0.0986 0.1441 0.1063 0.0763 0.1658 0.1295 0.0944 0.0552 0.173 0.1565 0.1192 0.0679 0.0336 0.1618 0.1605 0.1353 0.0837 0.0396 0.0263 0.1534 0.1532 0.139 0.0817 0.0444 0.0294 0.0151 0.1425 0.1403 0.1339 0.0737 0.0415 0.0298 0.0185 0.0 0.1198 0.1144 0.078 0.0425 0.0268 0.0195 0.0077 0.0994 0.0873 0.0614 0.0323 0.0172 0.0097 0.1067 0.0969 0.0594 0.0212 0.0095 0.1249 0.097 0.0468 0.0122 0.106 0.0694 0.0245 0.0812 0.0445 0.0717
-6.000 1.000 36 0.0694 0.0501 0.084 0.0339 0.0582 0.0827 0.0217 0.0348 0.0675 0.1147 0.0203 0.0166 0.0482 0.1041 0.1781 0.0181 0.0091 0.0254 0.0823 0.1591 0.1847 0.0088 0.0055 0.012 0.0576 0.1265 0.1458 0.1444 0.0034 0.0024 0.0045 0.0299 0.0925 0.1063 0.1089 0.1198 0.0 0.0015 0.0111 0.0545 0.0805 0.0894 0.0932 0.0006 0.0045 0.0285 0.0634 0.0905 0.0932 0.0015 0.0135 0.0527 0.0996 0.1183 0.0045 0.0289 0.0811 0.1307 0.0151 0.0419 0.0902 0.0277 0.0503 0.0341
-4.000 1.000 30 0.0877 0.0603 0.0955 0.0365 0.0698 0.0986 0.0169 0.0444 0.0833 0.1467 0.0092 0.0223 0.0609 0.1319 0.2058 0.0081 0.0097 0.0342 0.1059 0.1769 0.1835 0.0076 0.0038 0.0153 0.0729 0.1331 0.1404 0.135 0.0061 0.0017 0.0046 0.0378 0.095 0.1033 0.104 0.1144 0.0015 0.0 0.0138 0.0585 0.0819 0.089 0.0919 0.0015 0.0059 0.0321 0.0661 0.0907 0.0918 0.0044 0.0195 0.0576 0.0999 0.1139 0.0112 0.0419 0.0932 0.1341 0.0268 0.0618 0.1107 0.0413 0.074 0.0506
-2.000 1.000 24 0.1303 0.0992 0.1313 0.0683 0.1054 0.1471 0.0417 0.0771 0.1278 0.1911 0.0253 0.047 0.097 0.1659 0.1876 0.0187 0.0275 0.0609 0.1265 0.1475 0.1283 0.017 0.0172 0.0314 0.0822 0.101 0.0948 0.0895 0.0149 0.013 0.0155 0.0343 0.0656 0.0672 0.0671 0.078 0.0111 0.0138 0.0 0.0363 0.0537 0.0579 0.0599 0.015 0.0155 0.0206 0.0466 0.065 0.063 0.0202 0.0249 0.0466 0.078 0.0843 0.0294 0.0504 0.083 0.1091 0.0478 0.0724 0.1079 0.0605 0.091 0.0752
0.000 1.000 18 0.1635 0.1451 0.143 0.1248 0.1308 0.1322 0.1055 0.1159 0.1212 0.1311 0.0853 0.0959 0.1078 0.1043 0.0973 0.0736 0.0793 0.0851 0.0743 0.0675 0.0568 0.0657 0.0691 0.0709 0.047 0.0363 0.0389 0.043 0.0602 0.0611 0.0644 0.0309 0.0168 0.0244 0.0288 0.0425 0.0545 0.0585 0.0363 0.0 0.019 0.0241 0.0277 0.0515 0.0441 0.0195 0.0187 0.0307 0.0285 0.0491 0.0432 0.0345 0.0452 0.0438 0.0583 0.0614 0.0659 0.0685 0.0721 0.0804 0.0861 0.0779 0.0941 0.0965
2.000 1.000 24 0.1431 0.1371 0.1227 0.1328 0.1122 0.1098 0.1244 0.1144 0.0993 0.0898 0.1121 0.1121 0.0906 0.0741 0.0514 0.1049 0.1082 0.0861 0.0512 0.0354 0.0263 0.0968 0.0983 0.0894 0.0397 0.0164 0.0158 0.0254 0.0897 0.0903 0.0901 0.0432 0.0105 0.0064 0.0122 0.0268 0.0805 0.0819 0.0537 0.019 0.0 0.0061 0.0118 0.0739 0.0653 0.0404 0.0141 0.0074 0.0077 0.0774 0.0717 0.0454 0.0215 0.013 0.0967 0.0815 0.0555 0.0312 0.0998 0.0814 0.0596 0.0935 0.0838 0.1045
4.000 1.000 30 0.136 0.1356 0.1126 0.138 0.1111 0.0888 0.1374 0.1179 0.0966 0.0629 0.1264 0.1218 0.0979 0.0626 0.0297 0.1178 0.1184 0.0975 0.0548 0.0243 0.0197 0.1092 0.1094 0.0974 0.0455 0.0177 0.0103 0.0213 0.1011 0.1008 0.0981 0.0467 0.0154 0.0049 0.0068 0.0195 0.0894 0.089 0.0579 0.0241 0.0061 0.0 0.0069 0.084 0.0752 0.0491 0.0184 0.0033 0.0024 0.0953 0.0869 0.0522 0.0155 0.0032 0.1152 0.0919 0.0471 0.0127 0.1039 0.0751 0.0329 0.0865 0.0593 0.0897
6.000 1.000 36 0.129 0.1371 0.106 0.1479 0.1122 0.0834 0.1545 0.1276 0.0974 0.0591 0.1452 0.1382 0.1096 0.0659 0.0343 0.1317 0.133 0.112 0.0658 0.0329 0.0274 0.1195 0.1202 0.1084 0.0573 0.0292 0.0202 0.0185 0.1082 0.1078 0.1042 0.0517 0.0235 0.0148 0.009 0.0077 0.0932 0.0919 0.0599 0.0277 0.0118 0.0069 0.0 0.0892 0.08 0.053 0.0209 0.0061 0.0023 0.1054 0.0941 0.0545 0.0148 0.0028 0.1211 0.0902 0.0397 0.0079 0.0963 0.0622 0.0199 0.0739 0.0405 0.0684
-5.000 2.000 30 0.081 0.0545 0.0932 0.0321 0.0669 0.1001 0.0153 0.0415 0.0833 0.1581 0.0107 0.0199 0.0606 0.1403 0.2149 0.0101 0.009 0.0338 0.113 0.179 0.1676 0.0071 0.0039 0.016 0.0775 0.1319 0.125 0.114 0.0035 0.0015 0.0059 0.0404 0.0874 0.0887 0.0885 0.0994 0.0006 0.0015 0.015 0.0515 0.0739 0.084 0.0892 0.0 0.0044 0.0287 0.0664 0.0987 0.1044 0.0012 0.0126 0.0528 0.1048 0.1302 0.0046 0.0283 0.0763 0.1258 0.0167 0.0399 0.0823 0.0286 0.0481 0.0347
-3.000 2.000 24 0.1238 0.09 0.1327 0.0592 0.1036 0.1568 0.0317 0.0727 0.135 0.2119 0.0177 0.0427 0.1031 0.1851 0.1963 0.0128 0.0225 0.0638 0.1463 0.1537 0.1234 0.0107 0.0114 0.0332 0.0978 0.1077 0.0939 0.0893 0.0078 0.0065 0.0138 0.0486 0.0716 0.0719 0.0747 0.0873 0.0045 0.0059 0.0155 0.0441 0.0653 0.0752 0.08 0.0044 0.0 0.0249 0.061 0.0905 0.0938 0.0051 0.0135 0.0514 0.0986 0.1186 0.0109 0.0358 0.0819 0.1242 0.0263 0.052 0.0977 0.0374 0.0657 0.0476
-1.000 2.000 18 0.1792 0.1529 0.1686 0.1196 0.1484 0.1644 0.0851 0.125 0.1483 0.1565 0.062 0.0913 0.1272 0.1331 0.1138 0.0457 0.063 0.097 0.1016 0.0835 0.0693 0.0368 0.044 0.064 0.0699 0.0545 0.0534 0.0578 0.0321 0.0335 0.0413 0.0363 0.0361 0.0432 0.0486 0.0614 0.0285 0.0321 0.0206 0.0195 0.0404 0.0491 0.053 0.0287 0.0249 0.0 0.0345 0.0605 0.0615 0.0296 0.023 0.0293 0.0672 0.0811 0.0358 0.0406 0.0648 0.0933 0.0463 0.0579 0.0863 0.0519 0.0757 0.0662
1.000 2.000 18 0.1591 0.1497 0.1361 0.1409 0.127 0.121 0.1225 0.1221 0.1138 0.1057 0.1025 0.1151 0.1029 0.0861 0.0652 0.0874 0.1007 0.0929 0.0602 0.0481 0.0349 0.0756 0.0855 0.0851 0.0464 0.0278 0.026 0.0316 0.0671 0.0693 0.0742 0.0425 0.019 0.0183 0.0216 0.0323 0.0634 0.0661 0.0466 0.0187 0.0141 0.0184 0.0209 0.0664 0.061 0.0345 0.0 0.0215 0.0217 0.0729 0.0633 0.031 0.026 0.0327 0.0802 0.0639 0.0473 0.0469 0.0758 0.0649 0.0609 0.0695 0.0743 0.086
3.000 2.000 24 0.1433 0.1382 0.1204 0.136 0.114 0.1012 0.1292 0.1158 0.0974 0.0751 0.1178 0.1154 0.094 0.067 0.0361 0.1104 0.1126 0.0922 0.0514 0.0266 0.0213 0.1031 0.108 0.0986 0.0428 0.0173 0.0119 0.0226 0.0935 0.0942 0.0942 0.0495 0.0171 0.0061 0.0087 0.0172 0.0905 0.0907 0.065 0.0307 0.0074 0.0033 0.0061 0.0987 0.0905 0.0605 0.0215 0.0 0.0032 0.1114 0.098 0.0562 0.0148 0.0053 0.1164 0.0894 0.0467 0.0165 0.1001 0.0703 0.0371 0.0834 0.0627 0.0914
5.000 2.000 30 0.1354 0.1381 0.111 0.1405 0.1116 0.0884 0.1365 0.1178 0.0957 0.0605 0.122 0.1186 0.0965 0.0614 0.0317 0.1134 0.1134 0.093 0.0518 0.0264 0.026 0.1075 0.1097 0.0964 0.0393 0.019 0.0143 0.0201 0.0969 0.0968 0.0943 0.0457 0.0161 0.0074 0.0069 0.0097 0.0932 0.0918 0.063 0.0285 0.0077 0.0024 0.0023 0.1044 0.0938 0.0615 0.0217 0.0032 0.0 0.1217 0.1048 0.0586 0.0143 0.0013 0.1226 0.0896 0.0408 0.0075 0.0924 0.0613 0.0208 0.0729 0.0418 0.0699
-4.000 3.000 24 0.1102 0.0772 0.1234 0.0478 0.0938 0.155 0.0238 0.0633 0.1295 0.2214 0.0131 0.035 0.097 0.1896 0.1959 0.0102 0.0175 0.0594 0.1496 0.1499 0.1176 0.0075 0.0082 0.0303 0.1014 0.1055 0.094 0.097 0.0039 0.0036 0.0127 0.0519 0.0751 0.0808 0.09 0.1067 0.0015 0.0044 0.0202 0.0491 0.0774 0.0953 0.1054 0.0012 0.0051 0.0296 0.0729 0.1114 0.1217 0.0 0.0109 0.0518 0.1074 0.1379 0.0041 0.0258 0.0678 0.114 0.0171 0.0348 0.07 0.0271 0.0448 0.0344
-2.000 3.000 18 0.177 0.1399 0.1823 0.1003 0.1525 0.1886 0.0642 0.1182 0.1718 0.1833 0.0406 0.0791 0.1398 0.1596 0.1354 0.0278 0.049 0.0991 0.1275 0.1056 0.093 0.0208 0.0299 0.0611 0.0922 0.0763 0.0799 0.0892 0.015 0.0196 0.0331 0.052 0.0598 0.0731 0.0825 0.0969 0.0135 0.0195 0.0249 0.0432 0.0717 0.0869 0.0941 0.0126 0.0135 0.023 0.0633 0.098 0.1048 0.0109 0.0 0.0406 0.0927 0.1181 0.0117 0.0212 0.0616 0.1036 0.0202 0.0348 0.0711 0.0265 0.0493 0.0364
0.000 3.000 12 0.1878 0.1711 0.1635 0.1472 0.1542 0.1476 0.1184 0.1414 0.1399 0.1333 0.0894 0.1169 0.1285 0.1134 0.0925 0.0702 0.0932 0.1098 0.0881 0.0717 0.0612 0.0596 0.0707 0.0875 0.0658 0.0545 0.0517 0.06 0.0533 0.0578 0.0668 0.0523 0.0441 0.0482 0.0501 0.0594 0.0527 0.0576 0.0466 0.0345 0.0454 0.0522 0.0545 0.0528 0.0514 0.0293 0.031 0.0562 0.0586 0.0518 0.0406 0.0 0.0473 0.0669 0.0478 0.0283 0.0319 0.0627 0.038 0.0314 0.0511 0.0325 0.0476 0.0466
2.000 3.000 18 0.16 0.1555 0.1359 0.1529 0.13 0.1189 0.1417 0.133 0.1133 0.0935 0.1258 0.1311 0.1088 0.0809 0.0509 0.1122 0.1229 0.1093 0.0648 0.0411 0.0291 0.1022 0.1103 0.1111 0.0597 0.0297 0.023 0.0284 0.0986 0.1004 0.1039 0.0658 0.0335 0.0194 0.0185 0.0212 0.0996 0.0999 0.078 0.0452 0.0215 0.0155 0.0148 0.1048 0.0986 0.0672 0.026 0.0148 0.0143 0.1074 0.0927 0.0473 0.0 0.0165 0.0954 0.0682 0.029 0.0182 0.0686 0.0487 0.029 0.057 0.0495 0.0709
4.000 3.000 24 0.1411 0.1382 0.1171 0.1394 0.1131 0.0942 0.1333 0.1167 0.0975 0.0654 0.1235 0.1188 0.0939 0.0635 0.0309 0.1207 0.1198 0.0948 0.0485 0.025 0.0228 0.1163 0.1188 0.1059 0.0429 0.0187 0.0121 0.02 0.116 0.1146 0.1115 0.0573 0.0225 0.0078 0.007 0.0095 0.1183 0.1139 0.0843 0.0438 0.013 0.0032 0.0028 0.1302 0.1186 0.0811 0.0327 0.0053 0.0013 0.1379 0.1181 0.0669 0.0165 0.0 0.1185 0.0864 0.0396 0.007 0.0797 0.0555 0.0205 0.07 0.0426 0.0701
-3.000 4.000 18 0.1613 0.1191 0.179 0.0799 0.1439 0.2015 0.0456 0.1036 0.179 0.2067 0.026 0.0642 0.1426 0.1793 0.1545 0.0172 0.0363 0.0944 0.1453 0.1235 0.1156 0.0103 0.0188 0.0541 0.1046 0.0945 0.1027 0.1162 0.0055 0.0093 0.0265 0.0606 0.0777 0.0971 0.1103 0.1249 0.0045 0.0112 0.0294 0.0583 0.0967 0.1152 0.1211 0.0046 0.0109 0.0358 0.0802 0.1164 0.1226 0.0041 0.0117 0.0478 0.0954 0.1185 0.0 0.0202 0.0514 0.0882 0.0125 0.0256 0.0536 0.0204 0.0374 0.0267
-1.000 4.000 12 0.2145 0.1846 0.2002 0.147 0.1834 0.1859 0.1058 0.157 0.1761 0.1708 0.0752 0.1193 0.1593 0.1487 0.1307 0.0552 0.084 0.1285 0.1237 0.1094 0.0996 0.0425 0.0589 0.0925 0.0984 0.088 0.091 0.0995 0.0315 0.0415 0.0614 0.0692 0.076 0.0867 0.0906 0.097 0.0289 0.0419 0.0504 0.0614 0.0815 0.0919 0.0902 0.0283 0.0358 0.0406 0.0639 0.0894 0.0896 0.0258 0.0212 0.0283 0.0682 0.0864 0.0202 0.0 0.0314 0.0659 0.0118 0.0123 0.0408 0.0108 0.0296 0.0234
1.000 4.000 12 0.1997 0.1932 0.1723 0.1825 0.1685 0.1552 0.1572 0.1661 0.1505 0.1334 0.1291 0.1549 0.145 0.119 0.0857 0.1082 0.1317 0.1371 0.0979 0.0779 0.0607 0.0956 0.1088 0.1263 0.0899 0.0664 0.054 0.0574 0.085 0.0939 0.106 0.085 0.0662 0.0539 0.0468 0.0468 0.0811 0.0932 0.083 0.0659 0.0555 0.0471 0.0397 0.0763 0.0819 0.0648 0.0473 0.0467 0.0408 0.0678 0.0616 0.0319 0.029 0.0396 0.0514 0.0314 0.0 0.029 0.0297 0.0179 0.0201 0.0266 0.0295 0.0445
3.000 4.000 18 0.1614 0.1617 0.1369 0.165 0.134 0.1149 0.1591 0.1426 0.1154 0.083 0.1483 0.1484 0.1164 0.0804 0.0423 0.1385 0.1476 0.1245 0.0709 0.0367 0.0288 0.1335 0.1392 0.1349 0.0696 0.0354 0.021 0.0236 0.1314 0.1327 0.1334 0.0873 0.0465 0.0209 0.014 0.0122 0.1307 0.1341 0.1091 0.0685 0.0312 0.0127 0.0079 0.1258 0.1242 0.0933 0.0469 0.0165 0.0075 0.114 0.1036 0.0627 0.0182 0.007 0.0882 0.0659 0.029 0.0 0.0572 0.0423 0.0131 0.0565 0.0359 0.0604
-2.000 5.000 12 0.2127 0.1722 0.2146 0.1249 0.1863 0.2069 0.0808 0.1495 0.1958 0.1908 0.0511 0.1036 0.1683 0.1686 0.1509 0.0337 0.0652 0.1273 0.1409 0.1276 0.1192 0.0232 0.0392 0.0843 0.1118 0.1049 0.109 0.1162 0.016 0.0232 0.0482 0.0757 0.0921 0.1038 0.1054 0.106 0.0151 0.0268 0.0478 0.0721 0.0998 0.1039 0.0963 0.0167 0.0263 0.0463 0.0758 0.1001 0.0924 0.0171 0.0202 0.038 0.0686 0.0797 0.0125 0.0118 0.0297 0.0572 0.0 0.0108 0.0386 0.0065 0.0256 0.0142
0.000 5.000 6 0.2338 0.2145 0.2069 0.1839 0.1998 0.1878 0.1476 0.184 0.1826 0.1695 0.1091 0.1519 0.1728 0.1511 0.1222 0.0821 0.1195 0.1511 0.129 0.1097 0.0922 0.0624 0.0863 0.1195 0.1101 0.0954 0.0864 0.0852 0.045 0.0614 0.0897 0.0909 0.0895 0.0856 0.0752 0.0694 0.0419 0.0618 0.0724 0.0804 0.0814 0.0751 0.0622 0.0399 0.052 0.0579 0.0649 0.0703 0.0613 0.0348 0.0348 0.0314 0.0487 0.0555 0.0256 0.0123 0.0179 0.0423 0.0108 0.0 0.0295 0.0097 0.0213 0.0239
2.000 5.000 12 0.2031 0.2044 0.1749 0.202 0.1741 0.1537 0.1841 0.1827 0.1532 0.1201 0.1548 0.1778 0.1536 0.1152 0.0713 0.1328 0.1589 0.1582 0.105 0.0686 0.0489 0.1162 0.1345 0.1511 0.1045 0.0676 0.0448 0.0404 0.0973 0.1139 0.1307 0.1066 0.0775 0.0481 0.0312 0.0245 0.0902 0.1107 0.1079 0.0861 0.0596 0.0329 0.0199 0.0823 0.0977 0.0863 0.0609 0.0371 0.0208 0.07 0.0711 0.0511 0.029 0.0205 0.0536 0.0408 0.0201 0.0131 0.0386 0.0295 0.0 0.0443 0.0234 0.0454
-1.000 6.000 6 0.2371 0.2048 0.2175 0.1614 0.2042 0.2008 0.1127 0.1765 0.1916 0.1822 0.0768 0.1329 0.1769 0.1619 0.1368 0.0526 0.0899 0.1463 0.1371 0.1216 0.1067 0.0375 0.0592 0.1045 0.1136 0.1052 0.099 0.0981 0.0283 0.038 0.0656 0.0851 0.0936 0.0963 0.0876 0.0812 0.0277 0.0413 0.0605 0.0779 0.0935 0.0865 0.0739 0.0286 0.0374 0.0519 0.0695 0.0834 0.0729 0.0271 0.0265 0.0325 0.057 0.07 0.0204 0.0108 0.0266 0.0565 0.0065 0.0097 0.0443 0.0 0.0239 0.0093
1.000 6.000 6 0.2346 0.2267 0.2056 0.2109 0.2028 0.1855 0.1733 0.1979 0.1833 0.1567 0.133 0.1787 0.178 0.1476 0.1037 0.0989 0.1416 0.1662 0.13 0.1014 0.0763 0.0737 0.1051 0.1433 0.1209 0.0965 0.0731 0.0644 0.0518 0.0744 0.107 0.1085 0.0997 0.0773 0.0563 0.0445 0.0503 0.074 0.091 0.0941 0.0838 0.0593 0.0405 0.0481 0.0657 0.0757 0.0743 0.0627 0.0418 0.0448 0.0493 0.0476 0.0495 0.0426 0.0374 0.0296 0.0295 0.0359 0.0256 0.0213 0.0234 0.0239 0.0 0.0178
0.000 7.000 0 0.25 0.2283 0.2259 0.1914 0.2158 0.2079 0.1443 0.1973 0.2017 0.1864 0.0988 0.1583 0.1883 0.1708 0.1368 0.0674 0.1146 0.1635 0.1479 0.1286 0.1077 0.0458 0.0747 0.1243 0.1257 0.1182 0.1041 0.0944 0.0343 0.0477 0.0828 0.1017 0.1121 0.106 0.0871 0.0717 0.0341 0.0506 0.0752 0.0965 0.1045 0.0897 0.0684 0.0347 0.0476 0.0662 0.086 0.0914 0.0699 0.0344 0.0364 0.0466 0.0709 0.0701 0.0267 0.0234 0.0445 0.0604 0.0142 0.0239 0.0454 0.0093 0.0178 0.0