n 64
m 3
tmax 13.3
0.000 -7.000 0 0.0 0.0159 0.0053 0.0594 0.0224 0.0103 0.098 0.0579 0.0295 0.0141 0.1293 0.081 0.051 0.029 0.0161 0.1503 0.1034 0.0604 0.0396 0.0266 0.0205 0.1732 0.1189 0.0707 0.0474 0.0344 0.0315 0.0335 0.1823 0.1322 0.0841 0.0535 0.0435 0.0516 0.0503 0.0474 0.1409 0.0939 0.061 0.053 0.0683 0.0697 0.0724 0.1017 0.0701 0.0578 0.0688 0.082 0.106 0.0795 0.0645 0.0659 0.0866 0.1255 0.086 0.0759 0.0796 0.121 0.1231 0.0891 0.1225 0.1313 0.1348 0.1554
-1.000 -6.000 6 0.0159 0.0 0.0224 0.0403 0.0294 0.0333 0.0738 0.0481 0.0451 0.0405 0.0988 0.0634 0.0484 0.0471 0.0414 0.1189 0.0794 0.0505 0.0442 0.0435 0.0454 0.1416 0.0935 0.0581 0.0425 0.0402 0.0512 0.0594 0.1465 0.1063 0.0678 0.0435 0.0442 0.0626 0.0731 0.0738 0.1114 0.075 0.0503 0.0465 0.069 0.0833 0.0982 0.082 0.0577 0.0461 0.063 0.0856 0.1212 0.0637 0.0528 0.0559 0.0802 0.1298 0.0775 0.0642 0.0703 0.1145 0.1135 0.0801 0.1099 0.123 0.123 0.1446
1.000 -6.000 6 0.0053 0.0224 0.0 0.063 0.0143 0.005 0.0907 0.0412 0.0164 0.0086 0.1101 0.0548 0.0283 0.0163 0.0106 0.1218 0.0663 0.0328 0.0213 0.0146 0.0151 0.1347 0.0744 0.0383 0.0232 0.0182 0.0209 0.0286 0.1344 0.0807 0.0428 0.0259 0.024 0.0397 0.0409 0.0436 0.0825 0.047 0.0293 0.0338 0.0531 0.0566 0.0636 0.0506 0.0325 0.0345 0.0531 0.0703 0.0938 0.0383 0.037 0.0493 0.0737 0.1133 0.0595 0.0555 0.0661 0.1091 0.0948 0.0753 0.1119 0.1112 0.1247 0.1418
-2.000 -5.000 12 0.0594 0.0403 0.063 0.0 0.0481 0.0648 0.0316 0.0284 0.0502 0.0596 0.057 0.0325 0.0331 0.0432 0.0512 0.0782 0.0469 0.03 0.0295 0.034 0.0464 0.101 0.0613 0.0347 0.0257 0.025 0.0431 0.0592 0.1057 0.0733 0.0438 0.0272 0.0235 0.0503 0.0678 0.0782 0.0777 0.0517 0.0309 0.0304 0.0515 0.0718 0.0963 0.0563 0.038 0.0308 0.0419 0.0688 0.11 0.0464 0.0342 0.0391 0.0579 0.104 0.0575 0.0525 0.0466 0.0901 0.0995 0.0679 0.0866 0.1169 0.1002 0.1345
0.000 -5.000 6 0.0224 0.0294 0.0143 0.0481 0.0 0.0164 0.0634 0.0221 0.015 0.0193 0.0764 0.0329 0.016 0.0174 0.0195 0.087 0.0419 0.0177 0.0134 0.0164 0.0215 0.0999 0.0488 0.0214 0.0107 0.0142 0.0242 0.0361 0.097 0.0554 0.0241 0.0127 0.0157 0.0354 0.0475 0.0537 0.0559 0.0286 0.0157 0.0183 0.0443 0.0574 0.0752 0.0316 0.0168 0.0197 0.0391 0.0613 0.0989 0.0225 0.0239 0.0318 0.0595 0.1072 0.0416 0.04 0.0496 0.0952 0.0856 0.0564 0.095 0.097 0.1055 0.1234
2.000 -5.000 12 0.0103 0.0333 0.005 0.0648 0.0164 0.0 0.0738 0.0314 0.0081 0.0034 0.0762 0.0332 0.0147 0.0067 0.0056 0.0784 0.0345 0.015 0.0083 0.0062 0.0116 0.0823 0.0364 0.0153 0.009 0.0076 0.0166 0.0246 0.0729 0.0377 0.0164 0.0099 0.0174 0.0317 0.0345 0.0399 0.0348 0.0174 0.0119 0.0274 0.0468 0.0526 0.0574 0.0174 0.0134 0.0271 0.0498 0.0641 0.0864 0.0166 0.0298 0.0467 0.0709 0.1118 0.0554 0.0512 0.0695 0.108 0.0897 0.0779 0.1122 0.1086 0.134 0.1491
-3.000 -4.000 18 0.098 0.0738 0.0907 0.0316 0.0634 0.0738 0.0 0.0325 0.0466 0.0522 0.0257 0.0208 0.0286 0.0321 0.0361 0.0475 0.0267 0.0237 0.023 0.0251 0.0351 0.0701 0.0387 0.0251 0.0209 0.0194 0.0371 0.0516 0.0748 0.0498 0.0299 0.0216 0.0204 0.0479 0.0671 0.0787 0.0535 0.0357 0.0241 0.0217 0.046 0.0691 0.1027 0.0397 0.0269 0.0252 0.035 0.062 0.1084 0.0334 0.029 0.0311 0.0474 0.0956 0.0448 0.0509 0.0409 0.0734 0.1012 0.0646 0.078 0.1216 0.0999 0.1384
-1.000 -4.000 12 0.0579 0.0481 0.0412 0.0284 0.0221 0.0314 0.0325 0.0 0.016 0.0228 0.0457 0.0121 0.0065 0.0114 0.0159 0.0582 0.0223 0.0066 0.0054 0.0087 0.0187 0.0719 0.0313 0.0105 0.0043 0.0072 0.0209 0.0349 0.0692 0.0381 0.0153 0.0052 0.0099 0.0327 0.0488 0.058 0.0386 0.0189 0.0083 0.0124 0.0369 0.0551 0.0817 0.0214 0.0115 0.0119 0.029 0.0545 0.0992 0.0157 0.0161 0.0233 0.0467 0.0978 0.0401 0.0334 0.0377 0.0799 0.0814 0.0506 0.0777 0.0951 0.0927 0.1168
1.000 -4.000 12 0.0295 0.0451 0.0164 0.0502 0.015 0.0081 0.0466 0.016 0.0 0.0067 0.0489 0.0158 0.0047 0.0037 0.0065 0.0525 0.018 0.005 0.0023 0.0042 0.0123 0.0572 0.0204 0.0057 0.0023 0.0046 0.0179 0.0274 0.0491 0.0226 0.0065 0.0035 0.0093 0.0308 0.0398 0.0465 0.0203 0.0079 0.0045 0.0185 0.0401 0.051 0.0681 0.0086 0.0059 0.0182 0.0398 0.0595 0.0927 0.0108 0.0204 0.0353 0.0602 0.1049 0.0453 0.0421 0.0542 0.0954 0.0811 0.0633 0.0997 0.0991 0.1149 0.1312
3.000 -4.000 18 0.0141 0.0405 0.0086 0.0596 0.0193 0.0034 0.0522 0.0228 0.0067 0.0 0.0477 0.0174 0.0076 0.0025 0.0026 0.0464 0.0157 0.0057 0.0032 0.0029 0.0097 0.0467 0.0157 0.0049 0.0043 0.0078 0.0149 0.0235 0.0363 0.0159 0.0053 0.0072 0.0233 0.0319 0.0337 0.0391 0.0128 0.0061 0.0111 0.0375 0.0489 0.052 0.0556 0.0067 0.0139 0.0406 0.0577 0.0674 0.0853 0.02 0.0459 0.0606 0.0777 0.1156 0.0729 0.0676 0.0811 0.1187 0.1058 0.0934 0.1259 0.1259 0.1505 0.1713
-4.000 -3.000 24 0.1293 0.0988 0.1101 0.057 0.0764 0.0762 0.0257 0.0457 0.0489 0.0477 0.0 0.0267 0.0324 0.0305 0.0304 0.0229 0.0171 0.0241 0.0235 0.0242 0.0344 0.0453 0.0226 0.0204 0.02 0.0237 0.0461 0.0625 0.0476 0.032 0.0213 0.0187 0.0203 0.0515 0.0765 0.0952 0.0343 0.0236 0.019 0.0197 0.0435 0.0704 0.1135 0.0259 0.02 0.0188 0.0304 0.0569 0.114 0.0225 0.0249 0.029 0.0399 0.0872 0.0431 0.0485 0.0397 0.0646 0.1038 0.0715 0.0716 0.1289 0.1075 0.1501
-2.000 -3.000 18 0.081 0.0634 0.0548 0.0325 0.0329 0.0332 0.0208 0.0121 0.0158 0.0174 0.0267 0.0 0.0066 0.0071 0.0088 0.0381 0.0104 0.0044 0.004 0.0055 0.0161 0.0505 0.0195 0.0062 0.0036 0.0071 0.0278 0.0426 0.0481 0.0257 0.0102 0.0043 0.0098 0.0366 0.0586 0.0738 0.0263 0.0135 0.0058 0.0105 0.0342 0.0582 0.0955 0.015 0.0086 0.0097 0.0235 0.0506 0.1033 0.0139 0.0123 0.0196 0.037 0.0901 0.0351 0.0345 0.0293 0.0673 0.0825 0.0523 0.0682 0.102 0.0869 0.1209
0.000 -3.000 12 0.051 0.0484 0.0283 0.0331 0.016 0.0147 0.0286 0.0065 0.0047 0.0076 0.0324 0.0066 0.0 0.0023 0.0047 0.0376 0.0102 0.0013 0.0005 0.0028 0.0133 0.043 0.0141 0.0026 0.0005 0.0044 0.0226 0.0359 0.0359 0.0165 0.0043 0.0017 0.0089 0.0335 0.051 0.0625 0.0146 0.0057 0.0032 0.0134 0.0363 0.0561 0.0849 0.0064 0.0045 0.0134 0.0322 0.0565 0.1008 0.0092 0.0178 0.0276 0.0507 0.1008 0.0399 0.0362 0.0437 0.0863 0.0821 0.054 0.0877 0.0949 0.1013 0.1219
2.000 -3.000 18 0.029 0.0471 0.0163 0.0432 0.0174 0.0067 0.0321 0.0114 0.0037 0.0025 0.0305 0.0071 0.0023 0.0 0.0029 0.0325 0.0079 0.0015 0.0008 0.0021 0.0118 0.0347 0.0098 0.0018 0.0023 0.0053 0.0185 0.0296 0.0253 0.0103 0.0027 0.0059 0.0193 0.0328 0.0421 0.0505 0.008 0.0039 0.0097 0.0318 0.0476 0.0551 0.0705 0.0053 0.0125 0.0353 0.052 0.0643 0.0949 0.0201 0.0403 0.0512 0.0714 0.111 0.072 0.0596 0.0719 0.106 0.0992 0.0841 0.1138 0.1168 0.1375 0.1559
4.000 -3.000 24 0.0161 0.0414 0.0106 0.0512 0.0195 0.0056 0.0361 0.0159 0.0065 0.0026 0.0304 0.0088 0.0047 0.0029 0.0 0.0306 0.0084 0.0038 0.0048 0.0049 0.0082 0.0317 0.0103 0.0056 0.0117 0.0181 0.0161 0.0217 0.0222 0.0115 0.0099 0.0253 0.0446 0.0373 0.032 0.0372 0.0116 0.016 0.0388 0.0685 0.0565 0.0538 0.0528 0.0235 0.0494 0.0762 0.0722 0.076 0.0818 0.0649 0.0862 0.0778 0.0901 0.121 0.1221 0.0886 0.0977 0.1315 0.1261 0.1151 0.1443 0.1482 0.1742 0.1986
-5.000 -2.000 30 0.1503 0.1189 0.1218 0.0782 0.087 0.0784 0.0475 0.0582 0.0525 0.0464 0.0229 0.0381 0.0376 0.0325 0.0306 0.0 0.0226 0.0279 0.0251 0.0253 0.0388 0.0193 0.015 0.0211 0.021 0.0257 0.0541 0.0767 0.0196 0.0156 0.0168 0.0179 0.0249 0.0575 0.0877 0.1145 0.0143 0.0141 0.0154 0.0182 0.0413 0.0698 0.1203 0.011 0.0136 0.0157 0.0269 0.0511 0.1117 0.0145 0.017 0.0284 0.0347 0.0798 0.0413 0.0514 0.0424 0.0599 0.1057 0.0821 0.0769 0.1408 0.117 0.1659
-3.000 -2.000 24 0.1034 0.0794 0.0663 0.0469 0.0419 0.0345 0.0267 0.0223 0.018 0.0157 0.0171 0.0104 0.0102 0.0079 0.0084 0.0226 0.0 0.0062 0.005 0.007 0.022 0.0323 0.009 0.0044 0.0042 0.0097 0.0379 0.0596 0.0278 0.0149 0.0059 0.0041 0.0112 0.0433 0.0724 0.0968 0.0149 0.008 0.0047 0.0097 0.0325 0.0603 0.1079 0.0092 0.0056 0.0084 0.0195 0.0457 0.1046 0.01 0.0121 0.0179 0.0294 0.0796 0.0293 0.0383 0.0288 0.0576 0.0899 0.058 0.0665 0.1132 0.0948 0.1347
-1.000 -2.000 18 0.0604 0.0505 0.0328 0.03 0.0177 0.015 0.0237 0.0066 0.005 0.0057 0.0241 0.0044 0.0013 0.0015 0.0038 0.0279 0.0062 0.0 0.0005 0.0042 0.0206 0.0323 0.0098 0.0014 0.0005 0.0071 0.0344 0.0547 0.0241 0.0117 0.0031 0.0011 0.0095 0.0401 0.0672 0.0884 0.0104 0.0043 0.0024 0.0103 0.0338 0.0611 0.1036 0.0051 0.004 0.0097 0.0247 0.0523 0.1066 0.0082 0.0143 0.0206 0.0401 0.0922 0.042 0.0332 0.0338 0.071 0.0828 0.0508 0.0725 0.0968 0.0911 0.118
1.000 -2.000 18 0.0396 0.0442 0.0213 0.0295 0.0134 0.0083 0.023 0.0054 0.0023 0.0032 0.0235 0.004 0.0005 0.0008 0.0048 0.0251 0.005 0.0005 0.0 0.0053 0.0226 0.0274 0.0074 0.0013 0.0018 0.0072 0.0314 0.0497 0.0181 0.0082 0.0028 0.0056 0.0155 0.0377 0.0598 0.0771 0.0065 0.0042 0.0091 0.0256 0.042 0.0609 0.0945 0.0059 0.012 0.0273 0.0443 0.061 0.1062 0.0197 0.0339 0.0408 0.0606 0.1076 0.0659 0.0506 0.0584 0.0931 0.0924 0.0701 0.1014 0.1069 0.1206 0.1388
3.000 -2.000 24 0.0266 0.0435 0.0146 0.034 0.0164 0.0062 0.0251 0.0087 0.0042 0.0029 0.0242 0.0055 0.0028 0.0021 0.0049 0.0253 0.007 0.0042 0.0053 0.0 0.0161 0.0285 0.0116 0.0093 0.0156 0.0148 0.0177 0.0325 0.0215 0.0157 0.0168 0.0309 0.0412 0.0335 0.0396 0.0524 0.018 0.025 0.0452 0.0613 0.0495 0.0519 0.0667 0.0337 0.0543 0.0701 0.0611 0.0654 0.0894 0.0694 0.0793 0.068 0.077 0.1121 0.1191 0.0786 0.0835 0.1139 0.1194 0.1 0.1254 0.1347 0.1541 0.1787
5.000 -2.000 30 0.0205 0.0454 0.0151 0.0464 0.0215 0.0116 0.0351 0.0187 0.0123 0.0097 0.0344 0.0161 0.0133 0.0118 0.0082 0.0388 0.022 0.0206 0.0226 0.0161 0.0 0.0473 0.034 0.0359 0.046 0.0392 0.0151 0.0122 0.0479 0.0477 0.0559 0.0751 0.0704 0.0385 0.0221 0.0278 0.0608 0.0758 0.0961 0.0891 0.0574 0.0488 0.0415 0.0906 0.1033 0.0893 0.0725 0.0822 0.0683 0.1172 0.0952 0.079 0.1068 0.1112 0.13 0.091 0.1184 0.1358 0.1278 0.142 0.161 0.1766 0.1992 0.2302
-6.000 -1.000 36 0.1732 0.1416 0.1347 0.101 0.0999 0.0823 0.0701 0.0719 0.0572 0.0467 0.0453 0.0505 0.043 0.0347 0.0317 0.0193 0.0323 0.0323 0.0274 0.0285 0.0473 0.0 0.0156 0.0219 0.0208 0.0267 0.0621 0.0914 0.002 0.0049 0.0119 0.0147 0.023 0.0581 0.0912 0.1249 0.0016 0.0051 0.0091 0.0159 0.0368 0.0668 0.1201 0.0024 0.0057 0.0105 0.0216 0.0422 0.1037 0.0083 0.0132 0.0273 0.0303 0.0679 0.0342 0.0571 0.0477 0.0638 0.1141 0.0983 0.0895 0.1565 0.1412 0.1834
-4.000 -1.000 30 0.1189 0.0935 0.0744 0.0613 0.0488 0.0364 0.0387 0.0313 0.0204 0.0157 0.0226 0.0195 0.0141 0.0098 0.0103 0.015 0.009 0.0098 0.0074 0.0116 0.034 0.0156 0.0 0.0059 0.0056 0.0135 0.0506 0.0803 0.0108 0.0052 0.0034 0.0044 0.013 0.0484 0.0818 0.1146 0.0052 0.003 0.0035 0.0092 0.0306 0.0611 0.113 0.0034 0.0034 0.0076 0.017 0.0397 0.1014 0.0058 0.0121 0.02 0.0254 0.0683 0.0334 0.0434 0.0345 0.0553 0.0987 0.0732 0.0752 0.1311 0.1134 0.1551
-2.000 -1.000 24 0.0707 0.0581 0.0383 0.0347 0.0214 0.0153 0.0251 0.0105 0.0057 0.0049 0.0204 0.0062 0.0026 0.0018 0.0056 0.0211 0.0044 0.0014 0.0013 0.0093 0.0359 0.0219 0.0059 0.0 0.0011 0.0121 0.0511 0.0805 0.014 0.0072 0.0016 0.001 0.0114 0.0475 0.081 0.1126 0.0057 0.0027 0.0015 0.0083 0.0316 0.0627 0.1127 0.0037 0.0029 0.007 0.0186 0.0451 0.106 0.0088 0.011 0.0173 0.0292 0.0785 0.0381 0.0357 0.0281 0.058 0.0869 0.0559 0.0668 0.1066 0.092 0.1262
0.000 -1.000 18 0.0474 0.0425 0.0232 0.0257 0.0107 0.009 0.0209 0.0043 0.0023 0.0043 0.02 0.0036 0.0005 0.0023 0.0117 0.021 0.0042 0.0005 0.0018 0.0156 0.046 0.0208 0.0056 0.0011 0.0 0.0155 0.0549 0.0821 0.0124 0.0064 0.0025 0.0035 0.0128 0.0473 0.0798 0.1089 0.005 0.0039 0.0066 0.0165 0.0358 0.0648 0.1106 0.0057 0.0094 0.0177 0.0292 0.0539 0.1103 0.0171 0.0262 0.0273 0.0441 0.0945 0.0569 0.0399 0.0402 0.0759 0.0884 0.0547 0.0822 0.098 0.0992 0.1228
2.000 -1.000 24 0.0344 0.0402 0.0182 0.025 0.0142 0.0076 0.0194 0.0072 0.0046 0.0078 0.0237 0.0071 0.0044 0.0053 0.0181 0.0257 0.0097 0.0071 0.0072 0.0148 0.0392 0.0267 0.0135 0.0121 0.0155 0.0 0.0335 0.056 0.0219 0.019 0.0202 0.0287 0.0243 0.0252 0.0524 0.0775 0.0223 0.0273 0.038 0.0415 0.0306 0.0461 0.0822 0.0329 0.0436 0.0468 0.0388 0.0469 0.0894 0.0576 0.056 0.0429 0.0503 0.0914 0.0973 0.0528 0.0561 0.0832 0.096 0.0746 0.0934 0.1072 0.1222 0.1455
4.000 -1.000 30 0.0315 0.0512 0.0209 0.0431 0.0242 0.0166 0.0371 0.0209 0.0179 0.0149 0.0461 0.0278 0.0226 0.0185 0.0161 0.0541 0.0379 0.0344 0.0314 0.0177 0.0151 0.0621 0.0506 0.0511 0.0549 0.0335 0.0 0.0221 0.0632 0.0627 0.0667 0.0746 0.0554 0.022 0.0212 0.0414 0.0701 0.076 0.0809 0.0647 0.0389 0.0365 0.0485 0.0808 0.081 0.0636 0.0515 0.0624 0.0695 0.0933 0.07 0.0578 0.0804 0.1034 0.1113 0.0699 0.0915 0.1154 0.1106 0.1146 0.1351 0.1503 0.1702 0.2
6.000 -1.000 36 0.0335 0.0594 0.0286 0.0592 0.0361 0.0246 0.0516 0.0349 0.0274 0.0235 0.0625 0.0426 0.0359 0.0296 0.0217 0.0767 0.0596 0.0547 0.0497 0.0325 0.0122 0.0914 0.0803 0.0805 0.0821 0.056 0.0221 0.0 0.0962 0.0959 0.099 0.1029 0.0771 0.0457 0.018 0.0165 0.1018 0.104 0.1022 0.0835 0.0695 0.0497 0.0318 0.1031 0.0984 0.0863 0.0949 0.0936 0.0584 0.1157 0.0997 0.1102 0.1303 0.0981 0.1481 0.1304 0.1528 0.1304 0.1753 0.1888 0.1605 0.2345 0.2069 0.2472
-7.000 0.000 42 0.1823 0.1465 0.1344 0.1057 0.097 0.0729 0.0748 0.0692 0.0491 0.0363 0.0476 0.0481 0.0359 0.0253 0.0222 0.0196 0.0278 0.0241 0.0181 0.0215 0.0479 0.002 0.0108 0.014 0.0124 0.0219 0.0632 0.0962 0.0 0.0016 0.0055 0.0071 0.0154 0.051 0.0836 0.1208 0.0002 0.0013 0.0034 0.0092 0.0274 0.0553 0.1113 0.001 0.0031 0.0087 0.0177 0.0354 0.0947 0.0097 0.0169 0.0326 0.0324 0.0626 0.0436 0.0767 0.0649 0.0771 0.13 0.1334 0.1248 0.1764 0.1868 0.2046
-5.000 0.000 36 0.1322 0.1063 0.0807 0.0733 0.0554 0.0377 0.0498 0.0381 0.0226 0.0159 0.032 0.0257 0.0165 0.0103 0.0115 0.0156 0.0149 0.0117 0.0082 0.0157 0.0477 0.0049 0.0052 0.0072 0.0064 0.019 0.0627 0.0959 0.0016 0.0 0.003 0.0042 0.0136 0.0501 0.0832 0.1203 0.0006 0.001 0.0026 0.0085 0.0274 0.0563 0.1119 0.0009 0.0024 0.0078 0.0166 0.0363 0.097 0.007 0.0148 0.0263 0.0278 0.0621 0.0408 0.0579 0.0489 0.0652 0.1155 0.0996 0.0977 0.1562 0.147 0.1846
-3.000 0.000 30 0.0841 0.0678 0.0428 0.0438 0.0241 0.0164 0.0299 0.0153 0.0065 0.0053 0.0213 0.0102 0.0043 0.0027 0.0099 0.0168 0.0059 0.0031 0.0028 0.0168 0.0559 0.0119 0.0034 0.0016 0.0025 0.0202 0.0667 0.099 0.0055 0.003 0.0 0.0015 0.0136 0.0514 0.0849 0.1218 0.0022 0.001 0.0011 0.0078 0.0284 0.0586 0.1137 0.0022 0.0018 0.0065 0.0157 0.0386 0.1005 0.0078 0.012 0.0196 0.025 0.0656 0.0347 0.0435 0.0349 0.0567 0.0977 0.0713 0.0766 0.1237 0.1115 0.1502
-1.000 0.000 24 0.0535 0.0435 0.0259 0.0272 0.0127 0.0099 0.0216 0.0052 0.0035 0.0072 0.0187 0.0043 0.0017 0.0059 0.0253 0.0179 0.0041 0.0011 0.0056 0.0309 0.0751 0.0147 0.0044 0.001 0.0035 0.0287 0.0746 0.1029 0.0071 0.0042 0.0015 0.0 0.0165 0.054 0.0868 0.1226 0.0033 0.0027 0.0029 0.0086 0.0304 0.0615 0.1149 0.0051 0.0058 0.0088 0.0175 0.0434 0.1047 0.0164 0.0185 0.0171 0.0289 0.075 0.0562 0.0345 0.0291 0.0573 0.0877 0.0521 0.0668 0.0999 0.0908 0.1201
1.000 0.000 24 0.0435 0.0442 0.024 0.0235 0.0157 0.0174 0.0204 0.0099 0.0093 0.0233 0.0203 0.0098 0.0089 0.0193 0.0446 0.0249 0.0112 0.0095 0.0155 0.0412 0.0704 0.023 0.013 0.0114 0.0128 0.0243 0.0554 0.0771 0.0154 0.0136 0.0136 0.0165 0.0 0.0306 0.0621 0.0965 0.0152 0.0171 0.0204 0.0153 0.0163 0.044 0.093 0.0219 0.0249 0.0209 0.0158 0.0351 0.0898 0.039 0.0344 0.019 0.0305 0.0744 0.0751 0.0343 0.0305 0.0611 0.0764 0.0501 0.0735 0.0893 0.0957 0.119
3.000 0.000 30 0.0516 0.0626 0.0397 0.0503 0.0354 0.0317 0.0479 0.0327 0.0308 0.0319 0.0515 0.0366 0.0335 0.0328 0.0373 0.0575 0.0433 0.0401 0.0377 0.0335 0.0385 0.0581 0.0484 0.0475 0.0473 0.0252 0.022 0.0457 0.051 0.0501 0.0514 0.054 0.0306 0.0 0.0365 0.0696 0.0488 0.0501 0.0499 0.0354 0.0164 0.0271 0.0672 0.0508 0.0487 0.0355 0.0292 0.0378 0.0721 0.0663 0.0446 0.0358 0.0516 0.0821 0.0896 0.0484 0.0634 0.0853 0.0906 0.0856 0.1026 0.1229 0.1366 0.1674
5.000 0.000 36 0.0503 0.0731 0.0409 0.0678 0.0475 0.0345 0.0671 0.0488 0.0398 0.0337 0.0765 0.0586 0.051 0.0421 0.032 0.0877 0.0724 0.0672 0.0598 0.0396 0.0221 0.0912 0.0818 0.081 0.0798 0.0524 0.0212 0.018 0.0836 0.0832 0.0849 0.0868 0.0621 0.0365 0.0 0.0318 0.0797 0.0808 0.0802 0.0684 0.0582 0.0322 0.0268 0.0812 0.0807 0.0738 0.0805 0.0751 0.0455 0.1068 0.0894 0.0962 0.1061 0.0841 0.1397 0.1157 0.1302 0.1096 0.1627 0.1659 0.1407 0.2107 0.1862 0.2227
7.000 0.000 42 0.0474 0.0738 0.0436 0.0782 0.0537 0.0399 0.0787 0.058 0.0465 0.0391 0.0952 0.0738 0.0625 0.0505 0.0372 0.1145 0.0968 0.0884 0.0771 0.0524 0.0278 0.1249 0.1146 0.1126 0.1089 0.0775 0.0414 0.0165 0.1208 0.1203 0.1218 0.1226 0.0965 0.0696 0.0318 0.0 0.118 0.1196 0.1198 0.1104 0.101 0.0625 0.0266 0.1252 0.1276 0.1246 0.1312 0.1076 0.0569 0.1653 0.1477 0.1524 0.1421 0.0901 0.2015 0.1754 0.1642 0.1126 0.2254 0.2033 0.1385 0.25 0.1815 0.2143
-6.000 1.000 36 0.1409 0.1114 0.0825 0.0777 0.0559 0.0348 0.0535 0.0386 0.0203 0.0128 0.0343 0.0263 0.0146 0.008 0.0116 0.0143 0.0149 0.0104 0.0065 0.018 0.0608 0.0016 0.0052 0.0057 0.005 0.0223 0.0701 0.1018 0.0002 0.0006 0.0022 0.0033 0.0152 0.0488 0.0797 0.118 0.0 0.0009 0.0026 0.0089 0.0254 0.0523 0.1118 0.0013 0.0044 0.0114 0.0213 0.0375 0.096 0.0117 0.0257 0.0409 0.0424 0.0712 0.0539 0.0897 0.0808 0.0946 0.1382 0.1485 0.1456 0.1833 0.2049 0.2121
-4.000 1.000 30 0.0939 0.075 0.047 0.0517 0.0286 0.0174 0.0357 0.0189 0.0079 0.0061 0.0236 0.0135 0.0057 0.0039 0.016 0.0141 0.008 0.0043 0.0042 0.025 0.0758 0.0051 0.003 0.0027 0.0039 0.0273 0.076 0.104 0.0013 0.001 0.001 0.0027 0.0171 0.0501 0.0808 0.1196 0.0009 0.0 0.0018 0.0091 0.0261 0.0541 0.114 0.0018 0.0022 0.0095 0.019 0.0371 0.0975 0.0081 0.0173 0.0305 0.0343 0.0667 0.0442 0.0617 0.057 0.0757 0.1151 0.105 0.1077 0.1578 0.152 0.1843
-2.000 1.000 24 0.061 0.0503 0.0293 0.0309 0.0157 0.0119 0.0241 0.0083 0.0045 0.0111 0.019 0.0058 0.0032 0.0097 0.0388 0.0154 0.0047 0.0024 0.0091 0.0452 0.0961 0.0091 0.0035 0.0015 0.0066 0.038 0.0809 0.1022 0.0034 0.0026 0.0011 0.0029 0.0204 0.0499 0.0802 0.1198 0.0026 0.0018 0.0 0.0088 0.0259 0.055 0.1151 0.0054 0.0036 0.0067 0.0152 0.0363 0.0987 0.016 0.0151 0.0196 0.0264 0.0641 0.0529 0.0424 0.0359 0.0595 0.0982 0.0675 0.0781 0.1168 0.1083 0.1378
0.000 1.000 18 0.053 0.0465 0.0338 0.0304 0.0183 0.0274 0.0217 0.0124 0.0185 0.0375 0.0197 0.0105 0.0134 0.0318 0.0685 0.0182 0.0097 0.0103 0.0256 0.0613 0.0891 0.0159 0.0092 0.0083 0.0165 0.0415 0.0647 0.0835 0.0092 0.0085 0.0078 0.0086 0.0153 0.0354 0.0684 0.1104 0.0089 0.0091 0.0088 0.0 0.0158 0.0475 0.1076 0.0157 0.015 0.0075 0.0072 0.0312 0.0943 0.0372 0.0243 0.0093 0.0201 0.0625 0.0752 0.0277 0.0224 0.0505 0.0779 0.0426 0.0644 0.0867 0.0857 0.1123
2.000 1.000 24 0.0683 0.069 0.0531 0.0515 0.0443 0.0468 0.046 0.0369 0.0401 0.0489 0.0435 0.0342 0.0363 0.0476 0.0565 0.0413 0.0325 0.0338 0.042 0.0495 0.0574 0.0368 0.0306 0.0316 0.0358 0.0306 0.0389 0.0695 0.0274 0.0274 0.0284 0.0304 0.0163 0.0164 0.0582 0.101 0.0254 0.0261 0.0259 0.0158 0.0 0.0378 0.0955 0.0319 0.0297 0.0179 0.0124 0.0248 0.0835 0.0582 0.0328 0.0191 0.0278 0.0641 0.078 0.0356 0.0388 0.0564 0.0769 0.0637 0.0761 0.1005 0.1089 0.1364
4.000 1.000 30 0.0697 0.0833 0.0566 0.0718 0.0574 0.0526 0.0691 0.0551 0.051 0.052 0.0704 0.0582 0.0561 0.0551 0.0538 0.0698 0.0603 0.0611 0.0609 0.0519 0.0488 0.0668 0.0611 0.0627 0.0648 0.0461 0.0365 0.0497 0.0553 0.0563 0.0586 0.0615 0.044 0.0271 0.0322 0.0625 0.0523 0.0541 0.055 0.0475 0.0378 0.0 0.0455 0.0627 0.062 0.0539 0.0557 0.0403 0.0397 0.098 0.0716 0.0671 0.0678 0.0591 0.1179 0.085 0.0911 0.0748 0.133 0.1256 0.105 0.1712 0.1468 0.1835
6.000 1.000 36 0.0724 0.0982 0.0636 0.0963 0.0752 0.0574 0.1027 0.0817 0.0681 0.0556 0.1135 0.0955 0.0849 0.0705 0.0528 0.1203 0.1079 0.1036 0.0945 0.0667 0.0415 0.1201 0.113 0.1127 0.1106 0.0822 0.0485 0.0318 0.1113 0.1119 0.1137 0.1149 0.093 0.0672 0.0268 0.0266 0.1118 0.114 0.1151 0.1076 0.0955 0.0455 0.0 0.1261 0.1259 0.1185 0.1187 0.0857 0.0292 0.1668 0.1374 0.1305 0.1117 0.0621 0.1877 0.1536 0.1343 0.0818 0.203 0.1735 0.1091 0.2194 0.1529 0.1839
-5.000 2.000 30 0.1017 0.082 0.0506 0.0563 0.0316 0.0174 0.0397 0.0214 0.0086 0.0067 0.0259 0.015 0.0064 0.0053 0.0235 0.011 0.0092 0.0051 0.0059 0.0337 0.0906 0.0024 0.0034 0.0037 0.0057 0.0329 0.0808 0.1031 0.001 0.0009 0.0022 0.0051 0.0219 0.0508 0.0812 0.1252 0.0013 0.0018 0.0054 0.0157 0.0319 0.0627 0.1261 0.0 0.0081 0.0213 0.0355 0.0523 0.1111 0.013 0.0373 0.0607 0.0656 0.0954 0.0595 0.1054 0.1061 0.1268 0.1395 0.1686 0.1774 0.1891 0.2211 0.215
-3.000 2.000 24 0.0701 0.0577 0.0325 0.038 0.0168 0.0134 0.0269 0.0115 0.0059 0.0139 0.02 0.0086 0.0045 0.0125 0.0494 0.0136 0.0056 0.004 0.012 0.0543 0.1033 0.0057 0.0034 0.0029 0.0094 0.0436 0.081 0.0984 0.0031 0.0024 0.0018 0.0058 0.0249 0.0487 0.0807 0.1276 0.0044 0.0022 0.0036 0.015 0.0297 0.062 0.1259 0.0081 0.0 0.0151 0.0274 0.0451 0.1055 0.0154 0.0196 0.0386 0.0459 0.0788 0.0514 0.064 0.0656 0.0916 0.1135 0.1033 0.1191 0.1436 0.1531 0.177
-1.000 2.000 18 0.0578 0.0461 0.0345 0.0308 0.0197 0.0271 0.0252 0.0119 0.0182 0.0406 0.0188 0.0097 0.0134 0.0353 0.0762 0.0157 0.0084 0.0097 0.0273 0.0701 0.0893 0.0105 0.0076 0.007 0.0177 0.0468 0.0636 0.0863 0.0087 0.0078 0.0065 0.0088 0.0209 0.0355 0.0738 0.1246 0.0114 0.0095 0.0067 0.0075 0.0179 0.0539 0.1185 0.0213 0.0151 0.0 0.0093 0.0306 0.0941 0.0443 0.0199 0.011 0.022 0.0594 0.075 0.03 0.0282 0.0584 0.0826 0.0526 0.0728 0.0965 0.0935 0.1183
1.000 2.000 18 0.0688 0.063 0.0531 0.0419 0.0391 0.0498 0.035 0.029 0.0398 0.0577 0.0304 0.0235 0.0322 0.052 0.0722 0.0269 0.0195 0.0247 0.0443 0.0611 0.0725 0.0216 0.017 0.0186 0.0292 0.0388 0.0515 0.0949 0.0177 0.0166 0.0157 0.0175 0.0158 0.0292 0.0805 0.1312 0.0213 0.019 0.0152 0.0072 0.0124 0.0557 0.1187 0.0355 0.0274 0.0093 0.0 0.0278 0.0932 0.0661 0.0277 0.0082 0.0156 0.0553 0.0829 0.0276 0.023 0.0467 0.0746 0.0486 0.0648 0.0883 0.0927 0.1177
3.000 2.000 24 0.082 0.0856 0.0703 0.0688 0.0613 0.0641 0.062 0.0545 0.0595 0.0674 0.0569 0.0506 0.0565 0.0643 0.076 0.0511 0.0457 0.0523 0.061 0.0654 0.0822 0.0422 0.0397 0.0451 0.0539 0.0469 0.0624 0.0936 0.0354 0.0363 0.0386 0.0434 0.0351 0.0378 0.0751 0.1076 0.0375 0.0371 0.0363 0.0312 0.0248 0.0403 0.0857 0.0523 0.0451 0.0306 0.0278 0.0 0.0591 0.0889 0.049 0.0366 0.0262 0.0338 0.1055 0.0601 0.0522 0.0365 0.1074 0.0912 0.0685 0.1366 0.1112 0.1493
5.000 2.000 30 0.106 0.1212 0.0938 0.11 0.0989 0.0864 0.1084 0.0992 0.0927 0.0853 0.114 0.1033 0.1008 0.0949 0.0818 0.1117 0.1046 0.1066 0.1062 0.0894 0.0683 0.1037 0.1014 0.106 0.1103 0.0894 0.0695 0.0584 0.0947 0.097 0.1005 0.1047 0.0898 0.0721 0.0455 0.0569 0.096 0.0975 0.0987 0.0943 0.0835 0.0397 0.0292 0.1111 0.1055 0.0941 0.0932 0.0591 0.0 0.1489 0.1081 0.0965 0.074 0.0309 0.1639 0.1199 0.0957 0.0487 0.1703 0.1356 0.0798 0.1826 0.1205 0.1517
-4.000 3.000 24 0.0795 0.0637 0.0383 0.0464 0.0225 0.0166 0.0334 0.0157 0.0108 0.02 0.0225 0.0139 0.0092 0.0201 0.0649 0.0145 0.01 0.0082 0.0197 0.0694 0.1172 0.0083 0.0058 0.0088 0.0171 0.0576 0.0933 0.1157 0.0097 0.007 0.0078 0.0164 0.039 0.0663 0.1068 0.1653 0.0117 0.0081 0.016 0.0372 0.0582 0.098 0.1668 0.013 0.0154 0.0443 0.0661 0.0889 0.1489 0.0 0.0514 0.091 0.1025 0.1376 0.0516 0.1166 0.1345 0.1677 0.1265 0.1649 0.1973 0.1623 0.2146 0.1925
-2.000 3.000 18 0.0645 0.0528 0.037 0.0342 0.0239 0.0298 0.029 0.0161 0.0204 0.0459 0.0249 0.0123 0.0178 0.0403 0.0862 0.017 0.0121 0.0143 0.0339 0.0793 0.0952 0.0132 0.0121 0.011 0.0262 0.056 0.07 0.0997 0.0169 0.0148 0.012 0.0185 0.0344 0.0446 0.0894 0.1477 0.0257 0.0173 0.0151 0.0243 0.0328 0.0716 0.1374 0.0373 0.0196 0.0199 0.0277 0.049 0.1081 0.0514 0.0 0.03 0.0436 0.0815 0.0583 0.0375 0.0541 0.0924 0.0783 0.0741 0.1051 0.1006 0.1188 0.1266
0.000 3.000 12 0.0659 0.0559 0.0493 0.0391 0.0318 0.0467 0.0311 0.0233 0.0353 0.0606 0.029 0.0196 0.0276 0.0512 0.0778 0.0284 0.0179 0.0206 0.0408 0.068 0.079 0.0273 0.02 0.0173 0.0273 0.0429 0.0578 0.1102 0.0326 0.0263 0.0196 0.0171 0.019 0.0358 0.0962 0.1524 0.0409 0.0305 0.0196 0.0093 0.0191 0.0671 0.1305 0.0607 0.0386 0.011 0.0082 0.0366 0.0965 0.091 0.03 0.0 0.023 0.0641 0.0872 0.0224 0.0209 0.0616 0.0709 0.041 0.0673 0.0803 0.083 0.1071
2.000 3.000 18 0.0866 0.0802 0.0737 0.0579 0.0595 0.0709 0.0474 0.0467 0.0602 0.0777 0.0399 0.037 0.0507 0.0714 0.0901 0.0347 0.0294 0.0401 0.0606 0.077 0.1068 0.0303 0.0254 0.0292 0.0441 0.0503 0.0804 0.1303 0.0324 0.0278 0.025 0.0289 0.0305 0.0516 0.1061 0.1421 0.0424 0.0343 0.0264 0.0201 0.0278 0.0678 0.1117 0.0656 0.0459 0.022 0.0156 0.0262 0.074 0.1025 0.0436 0.023 0.0 0.0365 0.1053 0.0498 0.0295 0.0285 0.101 0.0698 0.0535 0.1146 0.0908 0.1242
4.000 3.000 24 0.1255 0.1298 0.1133 0.104 0.1072 0.1118 0.0956 0.0978 0.1049 0.1156 0.0872 0.0901 0.1008 0.111 0.121 0.0798 0.0796 0.0922 0.1076 0.1121 0.1112 0.0679 0.0683 0.0785 0.0945 0.0914 0.1034 0.0981 0.0626 0.0621 0.0656 0.075 0.0744 0.0821 0.0841 0.0901 0.0712 0.0667 0.0641 0.0625 0.0641 0.0591 0.0621 0.0954 0.0788 0.0594 0.0553 0.0338 0.0309 0.1376 0.0815 0.0641 0.0365 0.0 0.1469 0.0958 0.0642 0.0194 0.1522 0.1099 0.0553 0.1581 0.0976 0.1303
-3.000 4.000 18 0.086 0.0775 0.0595 0.0575 0.0416 0.0554 0.0448 0.0401 0.0453 0.0729 0.0431 0.0351 0.0399 0.072 0.1221 0.0413 0.0293 0.042 0.0659 0.1191 0.13 0.0342 0.0334 0.0381 0.0569 0.0973 0.1113 0.1481 0.0436 0.0408 0.0347 0.0562 0.0751 0.0896 0.1397 0.2015 0.0539 0.0442 0.0529 0.0752 0.078 0.1179 0.1877 0.0595 0.0514 0.075 0.0829 0.1055 0.1639 0.0516 0.0583 0.0872 0.1053 0.1469 0.0 0.0783 0.1097 0.1577 0.0594 0.108 0.159 0.09 0.1437 0.1128
-1.000 4.000 12 0.0759 0.0642 0.0555 0.0525 0.04 0.0512 0.0509 0.0334 0.0421 0.0676 0.0485 0.0345 0.0362 0.0596 0.0886 0.0514 0.0383 0.0332 0.0506 0.0786 0.091 0.0571 0.0434 0.0357 0.0399 0.0528 0.0699 0.1304 0.0767 0.0579 0.0435 0.0345 0.0343 0.0484 0.1157 0.1754 0.0897 0.0617 0.0424 0.0277 0.0356 0.085 0.1536 0.1054 0.064 0.03 0.0276 0.0601 0.1199 0.1166 0.0375 0.0224 0.0498 0.0958 0.0783 0.0 0.041 0.0967 0.0463 0.0386 0.0881 0.0596 0.0837 0.0857
1.000 4.000 12 0.0796 0.0703 0.0661 0.0466 0.0496 0.0695 0.0409 0.0377 0.0542 0.0811 0.0397 0.0293 0.0437 0.0719 0.0977 0.0424 0.0288 0.0338 0.0584 0.0835 0.1184 0.0477 0.0345 0.0281 0.0402 0.0561 0.0915 0.1528 0.0649 0.0489 0.0349 0.0291 0.0305 0.0634 0.1302 0.1642 0.0808 0.057 0.0359 0.0224 0.0388 0.0911 0.1343 0.1061 0.0656 0.0282 0.023 0.0522 0.0957 0.1345 0.0541 0.0209 0.0295 0.0642 0.1097 0.041 0.0 0.0535 0.0868 0.0398 0.0432 0.0829 0.0623 0.0901
3.000 4.000 18 0.121 0.1145 0.1091 0.0901 0.0952 0.108 0.0734 0.0799 0.0954 0.1187 0.0646 0.0673 0.0863 0.106 0.1315 0.0599 0.0576 0.071 0.0931 0.1139 0.1358 0.0638 0.0553 0.058 0.0759 0.0832 0.1154 0.1304 0.0771 0.0652 0.0567 0.0573 0.0611 0.0853 0.1096 0.1126 0.0946 0.0757 0.0595 0.0505 0.0564 0.0748 0.0818 0.1268 0.0916 0.0584 0.0467 0.0365 0.0487 0.1677 0.0924 0.0616 0.0285 0.0194 0.1577 0.0967 0.0535 0.0 0.1475 0.0947 0.0385 0.135 0.0774 0.105
-2.000 5.000 12 0.1231 0.1135 0.0948 0.0995 0.0856 0.0897 0.1012 0.0814 0.0811 0.1058 0.1038 0.0825 0.0821 0.0992 0.1261 0.1057 0.0899 0.0828 0.0924 0.1194 0.1278 0.1141 0.0987 0.0869 0.0884 0.096 0.1106 0.1753 0.13 0.1155 0.0977 0.0877 0.0764 0.0906 0.1627 0.2254 0.1382 0.1151 0.0982 0.0779 0.0769 0.133 0.203 0.1395 0.1135 0.0826 0.0746 0.1074 0.1703 0.1265 0.0783 0.0709 0.101 0.1522 0.0594 0.0463 0.0868 0.1475 0.0 0.0596 0.1222 0.0351 0.0896 0.0603
0.000 5.000 6 0.0891 0.0801 0.0753 0.0679 0.0564 0.0779 0.0646 0.0506 0.0633 0.0934 0.0715 0.0523 0.054 0.0841 0.1151 0.0821 0.058 0.0508 0.0701 0.1 0.142 0.0983 0.0732 0.0559 0.0547 0.0746 0.1146 0.1888 0.1334 0.0996 0.0713 0.0521 0.0501 0.0856 0.1659 0.2033 0.1485 0.105 0.0675 0.0426 0.0637 0.1256 0.1735 0.1686 0.1033 0.0526 0.0486 0.0912 0.1356 0.1649 0.0741 0.041 0.0698 0.1099 0.108 0.0386 0.0398 0.0947 0.0596 0.0 0.0623 0.04 0.0425 0.0511
2.000 5.000 12 0.1225 0.1099 0.1119 0.0866 0.095 0.1122 0.078 0.0777 0.0997 0.1259 0.0716 0.0682 0.0877 0.1138 0.1443 0.0769 0.0665 0.0725 0.1014 0.1254 0.161 0.0895 0.0752 0.0668 0.0822 0.0934 0.1351 0.1605 0.1248 0.0977 0.0766 0.0668 0.0735 0.1026 0.1407 0.1385 0.1456 0.1077 0.0781 0.0644 0.0761 0.105 0.1091 0.1774 0.1191 0.0728 0.0648 0.0685 0.0798 0.1973 0.1051 0.0673 0.0535 0.0553 0.159 0.0881 0.0432 0.0385 0.1222 0.0623 0.0 0.0919 0.0349 0.0614
-1.000 6.000 6 0.1313 0.123 0.1112 0.1169 0.097 0.1086 0.1216 0.0951 0.0991 0.1259 0.1289 0.102 0.0949 0.1168 0.1482 0.1408 0.1132 0.0968 0.1069 0.1347 0.1766 0.1565 0.1311 0.1066 0.098 0.1072 0.1503 0.2345 0.1764 0.1562 0.1237 0.0999 0.0893 0.1229 0.2107 0.25 0.1833 0.1578 0.1168 0.0867 0.1005 0.1712 0.2194 0.1891 0.1436 0.0965 0.0883 0.1366 0.1826 0.1623 0.1006 0.0803 0.1146 0.1581 0.09 0.0596 0.0829 0.135 0.0351 0.04 0.0919 0.0 0.0511 0.0251
1.000 6.000 6 0.1348 0.123 0.1247 0.1002 0.1055 0.134 0.0999 0.0927 0.1149 0.1505 0.1075 0.0869 0.1013 0.1375 0.1742 0.117 0.0948 0.0911 0.1206 0.1541 0.1992 0.1412 0.1134 0.092 0.0992 0.1222 0.1702 0.2069 0.1868 0.147 0.1115 0.0908 0.0957 0.1366 0.1862 0.1815 0.2049 0.152 0.1083 0.0857 0.1089 0.1468 0.1529 0.2211 0.1531 0.0935 0.0927 0.1112 0.1205 0.2146 0.1188 0.083 0.0908 0.0976 0.1437 0.0837 0.0623 0.0774 0.0896 0.0425 0.0349 0.0511 0.0 0.026
0.000 7.000 0 0.1554 0.1446 0.1418 0.1345 0.1234 0.1491 0.1384 0.1168 0.1312 0.1713 0.1501 0.1209 0.1219 0.1559 0.1986 0.1659 0.1347 0.118 0.1388 0.1787 0.2302 0.1834 0.1551 0.1262 0.1228 0.1455 0.2 0.2472 0.2046 0.1846 0.1502 0.1201 0.119 0.1674 0.2227 0.2143 0.2121 0.1843 0.1378 0.1123 0.1364 0.1835 0.1839 0.215 0.177 0.1183 0.1177 0.1493 0.1517 0.1925 0.1266 0.1071 0.1242 0.1303 0.1128 0.0857 0.0901 0.105 0.0603 0.0511 0.0614 0.0251 0.026 0.0