n 64
m 4
tmax 12.5
0.000 -7.000 0 0.0 0.0011 0.0013 0.0086 0.0036 0.0099 0.0239 0.0158 0.0165 0.0267 0.0355 0.0298 0.0342 0.0356 0.037 0.0387 0.0408 0.0569 0.0564 0.0459 0.0434 0.049 0.0484 0.0765 0.0901 0.0662 0.0542 0.0523 0.0657 0.0645 0.0788 0.1162 0.1067 0.0767 0.0815 0.0562 0.0866 0.0781 0.1095 0.1326 0.1237 0.1138 0.0973 0.0837 0.098 0.1286 0.1395 0.165 0.1418 0.0881 0.118 0.1399 0.1687 0.2001 0.1074 0.1399 0.1576 0.2162 0.1337 0.1644 0.1864 0.1782 0.1769 0.1946
-1.000 -6.000 6 0.0011 0.0 0.0036 0.0085 0.0062 0.016 0.0233 0.0163 0.0227 0.0362 0.0322 0.0267 0.0392 0.0447 0.0482 0.0361 0.036 0.0521 0.0681 0.058 0.0568 0.0462 0.0437 0.067 0.0917 0.0877 0.0683 0.0705 0.0626 0.0603 0.0657 0.1088 0.1186 0.1035 0.0998 0.0795 0.0824 0.0686 0.0941 0.1284 0.1452 0.1446 0.1225 0.0767 0.0787 0.1171 0.1423 0.1922 0.1795 0.0731 0.0988 0.1323 0.1754 0.2365 0.0843 0.1242 0.1546 0.222 0.1106 0.1548 0.1836 0.1588 0.1717 0.1855
1.000 -6.000 6 0.0013 0.0036 0.0 0.0147 0.0066 0.0099 0.0308 0.0231 0.0182 0.0259 0.042 0.043 0.0389 0.0343 0.0333 0.0476 0.0611 0.0687 0.0543 0.0406 0.0405 0.063 0.073 0.1004 0.0901 0.0595 0.0498 0.049 0.0857 0.0906 0.1088 0.1235 0.0983 0.0696 0.0768 0.0511 0.1124 0.1098 0.1323 0.1254 0.1127 0.1065 0.0891 0.1151 0.1255 0.1304 0.1325 0.1547 0.134 0.1198 0.1339 0.1331 0.1634 0.1874 0.1302 0.1409 0.1527 0.2083 0.147 0.1582 0.1859 0.1797 0.1727 0.185
-2.000 -5.000 12 0.0086 0.0085 0.0147 0.0 0.0163 0.033 0.0134 0.013 0.0381 0.0576 0.0203 0.0154 0.0386 0.0649 0.0693 0.0233 0.0236 0.0385 0.0745 0.0832 0.0822 0.0329 0.0313 0.0484 0.08 0.104 0.0976 0.1018 0.0499 0.0473 0.0469 0.0849 0.1145 0.1305 0.1361 0.1158 0.07 0.0521 0.0676 0.1067 0.1433 0.1817 0.1678 0.0636 0.0546 0.0849 0.1249 0.1937 0.2273 0.0528 0.0667 0.1035 0.1517 0.2484 0.0556 0.0881 0.129 0.1929 0.073 0.1219 0.1531 0.119 0.1436 0.1517
0.000 -5.000 6 0.0036 0.0062 0.0066 0.0163 0.0 0.0182 0.0289 0.0174 0.0171 0.0351 0.0364 0.0354 0.0337 0.0375 0.0425 0.0425 0.0511 0.0581 0.0567 0.0473 0.0509 0.0585 0.0632 0.0842 0.0876 0.0706 0.0581 0.0647 0.0819 0.0806 0.0923 0.1136 0.1053 0.0861 0.0902 0.0721 0.1019 0.0929 0.1115 0.1253 0.1272 0.1279 0.1104 0.0969 0.1055 0.1214 0.1331 0.1737 0.16 0.0989 0.1154 0.13 0.1638 0.2159 0.1099 0.1312 0.1485 0.2125 0.1295 0.1536 0.1766 0.1693 0.1663 0.1829
2.000 -5.000 12 0.0099 0.016 0.0099 0.033 0.0182 0.0 0.0529 0.0396 0.0169 0.0133 0.0664 0.0657 0.0417 0.0213 0.0192 0.0805 0.0924 0.0773 0.0407 0.0243 0.0256 0.1042 0.1104 0.1171 0.078 0.0389 0.0346 0.0334 0.1343 0.1302 0.1317 0.1176 0.075 0.0496 0.0595 0.0355 0.1508 0.135 0.1282 0.1022 0.0885 0.0915 0.0705 0.1395 0.1281 0.1123 0.1097 0.1332 0.1144 0.129 0.1171 0.1107 0.1476 0.1629 0.1196 0.1203 0.1357 0.1915 0.1298 0.1382 0.177 0.1593 0.159 0.1635
-3.000 -4.000 18 0.0239 0.0233 0.0308 0.0134 0.0289 0.0529 0.0 0.0154 0.0511 0.0784 0.0061 0.0097 0.0377 0.0781 0.0884 0.0102 0.012 0.0341 0.0749 0.0951 0.1016 0.0226 0.0193 0.034 0.0765 0.1089 0.1167 0.1288 0.0392 0.038 0.0323 0.064 0.1112 0.1413 0.1633 0.1501 0.0601 0.0414 0.0427 0.0873 0.1362 0.1983 0.201 0.0548 0.0386 0.0533 0.1004 0.1791 0.25 0.0423 0.0403 0.0698 0.1228 0.228 0.0379 0.054 0.0942 0.1568 0.0452 0.084 0.1165 0.0828 0.1064 0.1155
-1.000 -4.000 12 0.0158 0.0163 0.0231 0.013 0.0174 0.0396 0.0154 0.0 0.0337 0.0563 0.0213 0.0158 0.0268 0.0558 0.0625 0.0286 0.0315 0.0356 0.0612 0.0689 0.073 0.0453 0.0432 0.0576 0.0727 0.0867 0.0843 0.0932 0.0696 0.0608 0.0613 0.0896 0.1008 0.1141 0.1241 0.1079 0.0826 0.0652 0.0797 0.1034 0.1303 0.1657 0.1534 0.0711 0.0699 0.0933 0.1158 0.181 0.2074 0.0662 0.0813 0.1048 0.1451 0.2323 0.0728 0.0993 0.1256 0.188 0.0922 0.127 0.1497 0.1344 0.1423 0.1579
1.000 -4.000 12 0.0165 0.0227 0.0182 0.0381 0.0171 0.0169 0.0511 0.0337 0.0 0.0213 0.0615 0.0556 0.0265 0.0175 0.0247 0.0749 0.0795 0.0617 0.0336 0.026 0.033 0.0994 0.0984 0.0982 0.0688 0.043 0.0384 0.0469 0.1286 0.1163 0.1137 0.1022 0.0763 0.0598 0.0695 0.0551 0.1347 0.1156 0.1134 0.0982 0.097 0.1006 0.09 0.1178 0.1107 0.1018 0.1078 0.1449 0.1331 0.1086 0.1059 0.1051 0.142 0.1842 0.1058 0.1122 0.1268 0.1896 0.1186 0.1306 0.1608 0.152 0.146 0.1567
3.000 -4.000 18 0.0267 0.0362 0.0259 0.0576 0.0351 0.0133 0.0784 0.0563 0.0213 0.0 0.0928 0.0821 0.041 0.0104 0.0067 0.1107 0.1098 0.0752 0.0269 0.0112 0.0144 0.1405 0.1316 0.1155 0.0602 0.0237 0.0236 0.0232 0.1701 0.1464 0.1272 0.095 0.0557 0.0372 0.0499 0.0256 0.1583 0.1258 0.1026 0.0822 0.0761 0.0825 0.0574 0.1261 0.1011 0.0863 0.0971 0.1243 0.0989 0.1014 0.0895 0.0982 0.1435 0.1495 0.0926 0.1047 0.1339 0.1868 0.1147 0.1338 0.1804 0.151 0.1643 0.1632
-4.000 -3.000 24 0.0355 0.0322 0.042 0.0203 0.0364 0.0664 0.0061 0.0213 0.0615 0.0928 0.0 0.012 0.046 0.0942 0.1074 0.0061 0.0079 0.0368 0.0886 0.1161 0.1258 0.0197 0.0151 0.0248 0.0753 0.1214 0.1418 0.1604 0.0365 0.0343 0.0267 0.0434 0.1002 0.1542 0.1975 0.1941 0.055 0.0415 0.0304 0.0545 0.1125 0.2051 0.238 0.0548 0.0352 0.0335 0.0602 0.1403 0.2429 0.0445 0.0318 0.0408 0.0756 0.1744 0.0363 0.0376 0.0599 0.0998 0.0381 0.0621 0.0776 0.0662 0.0814 0.098
-2.000 -3.000 18 0.0298 0.0267 0.043 0.0154 0.0354 0.0657 0.0097 0.0158 0.0556 0.0821 0.012 0.0 0.0356 0.0795 0.089 0.0199 0.0155 0.0269 0.0709 0.0934 0.1017 0.0388 0.0269 0.035 0.0683 0.1002 0.1138 0.1294 0.0619 0.046 0.0359 0.0624 0.0975 0.1339 0.1633 0.1547 0.0668 0.0416 0.0474 0.079 0.124 0.1905 0.2013 0.0502 0.0395 0.057 0.0932 0.1666 0.2363 0.0389 0.0444 0.0712 0.115 0.2127 0.0388 0.0602 0.0931 0.1479 0.0506 0.0902 0.1142 0.0922 0.1084 0.1213
0.000 -3.000 12 0.0342 0.0392 0.0389 0.0386 0.0337 0.0417 0.0377 0.0268 0.0265 0.041 0.046 0.0356 0.0 0.0336 0.0399 0.0601 0.058 0.0334 0.0314 0.0429 0.0509 0.084 0.0725 0.0682 0.0503 0.0551 0.0595 0.073 0.1098 0.0879 0.0779 0.0762 0.0711 0.0835 0.0991 0.0886 0.1042 0.0808 0.0786 0.0811 0.0997 0.1343 0.1294 0.0829 0.0762 0.0776 0.0908 0.1508 0.1762 0.0736 0.0761 0.0835 0.1219 0.2019 0.0735 0.0871 0.1037 0.1676 0.0898 0.1074 0.13 0.1261 0.1208 0.1368
2.000 -3.000 18 0.0356 0.0447 0.0343 0.0649 0.0375 0.0213 0.0781 0.0558 0.0175 0.0104 0.0942 0.0795 0.0336 0.0 0.0112 0.112 0.1061 0.0666 0.0186 0.0095 0.0217 0.1377 0.1209 0.1025 0.0528 0.0215 0.0246 0.038 0.1642 0.1341 0.1146 0.0834 0.0533 0.0403 0.0595 0.0481 0.1418 0.1106 0.0928 0.0741 0.0765 0.087 0.0794 0.1073 0.0897 0.0798 0.0906 0.1263 0.1174 0.0875 0.0815 0.0878 0.1345 0.1601 0.0824 0.0951 0.1191 0.1796 0.1038 0.119 0.1622 0.1387 0.1431 0.1449
4.000 -3.000 24 0.037 0.0482 0.0333 0.0693 0.0425 0.0192 0.0884 0.0625 0.0247 0.0067 0.1074 0.089 0.0399 0.0112 0.0 0.1286 0.1189 0.0732 0.0243 0.0095 0.0083 0.1546 0.133 0.1082 0.0555 0.0238 0.0199 0.0166 0.1767 0.1398 0.1147 0.0855 0.0569 0.0432 0.0412 0.0177 0.1399 0.1064 0.0892 0.0841 0.0853 0.0815 0.0416 0.0996 0.0861 0.0878 0.1149 0.1318 0.0835 0.0856 0.0917 0.1161 0.1615 0.1397 0.0962 0.124 0.1645 0.1871 0.1384 0.1631 0.1996 0.1788 0.1988 0.1964
-5.000 -2.000 30 0.0387 0.0361 0.0476 0.0233 0.0425 0.0805 0.0102 0.0286 0.0749 0.1107 0.0061 0.0199 0.0601 0.112 0.1286 0.0 0.0151 0.0429 0.1023 0.1375 0.1518 0.0135 0.0158 0.0296 0.072 0.1247 0.1577 0.1883 0.0292 0.0285 0.0315 0.0401 0.0794 0.1406 0.2045 0.2158 0.0452 0.0405 0.035 0.0425 0.0793 0.1749 0.2327 0.0516 0.0389 0.0352 0.0446 0.0966 0.1978 0.0447 0.0367 0.0407 0.0582 0.1227 0.0399 0.0407 0.0593 0.0785 0.0406 0.0647 0.075 0.0668 0.0854 0.0992
-3.000 -2.000 24 0.0408 0.036 0.0611 0.0236 0.0511 0.0924 0.012 0.0315 0.0795 0.1098 0.0079 0.0155 0.058 0.1061 0.1189 0.0151 0.0 0.035 0.0937 0.1249 0.1374 0.0343 0.0132 0.0164 0.0657 0.1154 0.1439 0.1711 0.0564 0.0337 0.0172 0.0334 0.0812 0.1393 0.1941 0.1983 0.0548 0.0272 0.0204 0.0414 0.0921 0.1859 0.23 0.0381 0.0206 0.0234 0.0474 0.1186 0.2194 0.0247 0.0194 0.0308 0.063 0.1513 0.0193 0.0285 0.0507 0.0876 0.0253 0.0525 0.0683 0.0597 0.0719 0.0886
-1.000 -2.000 18 0.0569 0.0521 0.0687 0.0385 0.0581 0.0773 0.0341 0.0356 0.0617 0.0752 0.0368 0.0269 0.0334 0.0666 0.0732 0.0429 0.035 0.0 0.0503 0.0744 0.0854 0.0626 0.0416 0.0308 0.0371 0.0723 0.0934 0.1168 0.0842 0.0547 0.0377 0.0418 0.063 0.1037 0.1442 0.1411 0.065 0.0403 0.0375 0.0514 0.0883 0.1583 0.1801 0.0405 0.0342 0.039 0.0624 0.1298 0.2029 0.0297 0.0352 0.05 0.0832 0.1767 0.0329 0.0457 0.0703 0.118 0.0462 0.0731 0.0878 0.0827 0.0877 0.1049
1.000 -2.000 18 0.0564 0.0681 0.0543 0.0745 0.0567 0.0407 0.0749 0.0612 0.0336 0.0269 0.0886 0.0709 0.0314 0.0186 0.0243 0.1023 0.0937 0.0503 0.0 0.0215 0.0366 0.1198 0.0975 0.0786 0.0323 0.0244 0.0402 0.0629 0.136 0.1018 0.0801 0.0592 0.0414 0.0554 0.085 0.0795 0.1041 0.0756 0.0622 0.0542 0.0716 0.111 0.1147 0.0719 0.0594 0.0544 0.0691 0.1266 0.1516 0.057 0.0547 0.0632 0.1057 0.1768 0.0551 0.0693 0.0874 0.1534 0.0748 0.0905 0.1203 0.112 0.1061 0.1162
3.000 -2.000 24 0.0459 0.058 0.0406 0.0832 0.0473 0.0243 0.0951 0.0689 0.026 0.0112 0.1161 0.0934 0.0429 0.0095 0.0095 0.1375 0.1249 0.0744 0.0215 0.0 0.0199 0.1538 0.1287 0.1045 0.0526 0.0163 0.0181 0.0366 0.164 0.1259 0.1017 0.0774 0.0506 0.0334 0.0536 0.0437 0.1224 0.094 0.0816 0.0728 0.0747 0.0802 0.0676 0.0863 0.0769 0.0789 0.0962 0.1239 0.1007 0.0745 0.0817 0.1005 0.1422 0.1466 0.0841 0.1079 0.1359 0.1816 0.1211 0.1387 0.1766 0.1562 0.1652 0.1665
5.000 -2.000 30 0.0434 0.0568 0.0405 0.0822 0.0509 0.0256 0.1016 0.073 0.033 0.0144 0.1258 0.1017 0.0509 0.0217 0.0083 0.1518 0.1374 0.0854 0.0366 0.0199 0.0 0.1706 0.1453 0.1211 0.0726 0.0401 0.0187 0.007 0.179 0.1414 0.1206 0.1025 0.082 0.0564 0.0249 0.0074 0.1356 0.1136 0.11 0.1173 0.1118 0.0673 0.0205 0.1089 0.1106 0.1258 0.1546 0.1275 0.0507 0.1134 0.1354 0.1635 0.1805 0.0986 0.147 0.1771 0.1956 0.1546 0.1996 0.2046 0.1916 0.2266 0.2065 0.2181
-6.000 -1.000 36 0.049 0.0462 0.063 0.0329 0.0585 0.1042 0.0226 0.0453 0.0994 0.1405 0.0197 0.0388 0.084 0.1377 0.1546 0.0135 0.0343 0.0626 0.1198 0.1538 0.1706 0.0 0.0285 0.0469 0.0788 0.1264 0.1632 0.2022 0.0143 0.0216 0.0421 0.0501 0.0759 0.1287 0.1998 0.2203 0.0279 0.038 0.0424 0.0476 0.0717 0.1564 0.2138 0.0381 0.0386 0.0399 0.0481 0.0836 0.1703 0.0374 0.0364 0.0445 0.0625 0.1102 0.0352 0.0401 0.0636 0.0838 0.0369 0.0646 0.0789 0.0616 0.0871 0.0931
-4.000 -1.000 30 0.0484 0.0437 0.073 0.0313 0.0632 0.1104 0.0193 0.0432 0.0984 0.1316 0.0151 0.0269 0.0725 0.1209 0.133 0.0158 0.0132 0.0416 0.0975 0.1287 0.1453 0.0285 0.0 0.0172 0.0545 0.1031 0.1396 0.1781 0.046 0.0202 0.0128 0.0225 0.0542 0.1105 0.1805 0.1983 0.0398 0.0193 0.0153 0.023 0.0542 0.1443 0.1991 0.0288 0.016 0.0157 0.0246 0.0698 0.1635 0.019 0.0147 0.0207 0.0394 0.0978 0.0154 0.0189 0.0404 0.0618 0.0197 0.0447 0.0573 0.0465 0.0661 0.0801
-2.000 -1.000 24 0.0765 0.067 0.1004 0.0484 0.0842 0.1171 0.034 0.0576 0.0982 0.1155 0.0248 0.035 0.0682 0.1025 0.1082 0.0296 0.0164 0.0308 0.0786 0.1045 0.1211 0.0469 0.0172 0.0 0.0418 0.0868 0.1206 0.1572 0.0642 0.0298 0.0092 0.0152 0.0499 0.1051 0.1693 0.1813 0.0421 0.0148 0.0089 0.0221 0.0604 0.1505 0.1954 0.0196 0.009 0.0116 0.0289 0.086 0.1804 0.0102 0.009 0.0212 0.0439 0.1202 0.0091 0.0203 0.0384 0.0694 0.0183 0.0467 0.0559 0.0562 0.0621 0.082
0.000 -1.000 18 0.0901 0.0917 0.0901 0.08 0.0876 0.078 0.0765 0.0727 0.0688 0.0602 0.0753 0.0683 0.0503 0.0528 0.0555 0.072 0.0657 0.0371 0.0323 0.0526 0.0726 0.0788 0.0545 0.0418 0.0 0.0414 0.0739 0.1098 0.0887 0.054 0.0362 0.0227 0.0258 0.0727 0.1277 0.1333 0.0562 0.0321 0.0243 0.0231 0.0538 0.1304 0.1576 0.0275 0.0225 0.0212 0.035 0.1006 0.1726 0.0189 0.0225 0.0283 0.0615 0.1465 0.0201 0.0353 0.0492 0.097 0.0418 0.0557 0.0706 0.0779 0.0683 0.0865
2.000 -1.000 24 0.0662 0.0877 0.0595 0.104 0.0706 0.0389 0.1089 0.0867 0.043 0.0237 0.1214 0.1002 0.0551 0.0215 0.0238 0.1247 0.1154 0.0723 0.0244 0.0163 0.0401 0.1264 0.1031 0.0868 0.0414 0.0 0.0334 0.0687 0.1266 0.0911 0.0734 0.0565 0.0317 0.0342 0.0789 0.0808 0.084 0.0613 0.053 0.0489 0.0563 0.0911 0.1004 0.0531 0.0476 0.0503 0.066 0.1093 0.1241 0.0457 0.0519 0.0653 0.1068 0.1497 0.0546 0.0722 0.0941 0.1496 0.086 0.0968 0.13 0.1163 0.1161 0.12
4.000 -1.000 30 0.0542 0.0683 0.0498 0.0976 0.0581 0.0346 0.1167 0.0843 0.0384 0.0236 0.1418 0.1138 0.0595 0.0246 0.0199 0.1577 0.1439 0.0934 0.0402 0.0181 0.0187 0.1632 0.1396 0.1206 0.0739 0.0334 0.0 0.0249 0.1615 0.127 0.1118 0.0983 0.0749 0.0371 0.0312 0.0259 0.1185 0.1008 0.0985 0.1013 0.0917 0.061 0.0396 0.0959 0.0985 0.1098 0.1248 0.1133 0.0656 0.1002 0.1174 0.1363 0.1514 0.1105 0.1254 0.1488 0.1655 0.1552 0.169 0.1715 0.1744 0.1912 0.1832 0.1896
6.000 -1.000 36 0.0523 0.0705 0.049 0.1018 0.0647 0.0334 0.1288 0.0932 0.0469 0.0232 0.1604 0.1294 0.073 0.038 0.0166 0.1883 0.1711 0.1168 0.0629 0.0366 0.007 0.2022 0.1781 0.1572 0.1098 0.0687 0.0249 0.0 0.2026 0.1694 0.1564 0.1447 0.1202 0.0663 0.0098 0.001 0.1641 0.1507 0.1521 0.1552 0.1252 0.0399 0.0047 0.1532 0.1603 0.1709 0.1706 0.0894 0.0173 0.1657 0.1811 0.1789 0.1388 0.0469 0.1916 0.192 0.1583 0.0914 0.2168 0.1705 0.1216 0.1927 0.1398 0.158
-7.000 0.000 42 0.0657 0.0626 0.0857 0.0499 0.0819 0.1343 0.0392 0.0696 0.1286 0.1701 0.0365 0.0619 0.1098 0.1642 0.1767 0.0292 0.0564 0.0842 0.136 0.164 0.179 0.0143 0.046 0.0642 0.0887 0.1266 0.1615 0.2026 0.0 0.0279 0.0528 0.0578 0.0741 0.118 0.1913 0.2154 0.0157 0.0374 0.0445 0.0487 0.0658 0.1418 0.1987 0.027 0.0342 0.0384 0.0488 0.0804 0.1541 0.0278 0.0307 0.0407 0.0619 0.104 0.027 0.0331 0.0599 0.0821 0.029 0.058 0.0767 0.0518 0.0829 0.082
-5.000 0.000 36 0.0645 0.0603 0.0906 0.0473 0.0806 0.1302 0.038 0.0608 0.1163 0.1464 0.0343 0.046 0.0879 0.1341 0.1398 0.0285 0.0337 0.0547 0.1018 0.1259 0.1414 0.0216 0.0202 0.0298 0.054 0.0911 0.127 0.1694 0.0279 0.0 0.0193 0.0239 0.0421 0.0886 0.1632 0.1865 0.0182 0.0131 0.0164 0.0204 0.0395 0.1188 0.1748 0.016 0.0132 0.0149 0.0241 0.0583 0.1342 0.0132 0.0123 0.0191 0.0383 0.0831 0.0119 0.0155 0.04 0.0607 0.0129 0.0417 0.0574 0.0398 0.0659 0.0732
-3.000 0.000 30 0.0788 0.0657 0.1088 0.0469 0.0923 0.1317 0.0323 0.0613 0.1137 0.1272 0.0267 0.0359 0.0779 0.1146 0.1147 0.0315 0.0172 0.0377 0.0801 0.1017 0.1206 0.0421 0.0128 0.0092 0.0362 0.0734 0.1118 0.1564 0.0528 0.0193 0.0 0.0089 0.0309 0.0811 0.157 0.1785 0.0286 0.0065 0.0035 0.0098 0.0336 0.1175 0.1715 0.0114 0.0036 0.0053 0.0154 0.0561 0.1357 0.0051 0.0045 0.0143 0.031 0.0832 0.0042 0.0137 0.0336 0.0543 0.0118 0.0389 0.0508 0.0459 0.06 0.0766
-1.000 0.000 24 0.1162 0.1088 0.1235 0.0849 0.1136 0.1176 0.064 0.0896 0.1022 0.095 0.0434 0.0624 0.0762 0.0834 0.0855 0.0401 0.0334 0.0418 0.0592 0.0774 0.1025 0.0501 0.0225 0.0152 0.0227 0.0565 0.0983 0.1447 0.0578 0.0239 0.0089 0.0 0.0231 0.0762 0.1515 0.1689 0.028 0.0089 0.0042 0.0074 0.0356 0.1222 0.1698 0.0097 0.005 0.0052 0.0159 0.0665 0.1465 0.0054 0.0073 0.015 0.0344 0.0995 0.0081 0.0196 0.0335 0.0596 0.0244 0.0445 0.0501 0.062 0.057 0.0801
1.000 0.000 24 0.1067 0.1186 0.0983 0.1145 0.1053 0.075 0.1112 0.1008 0.0763 0.0557 0.1002 0.0975 0.0711 0.0533 0.0569 0.0794 0.0812 0.063 0.0414 0.0506 0.082 0.0759 0.0542 0.0499 0.0258 0.0317 0.0749 0.1202 0.0741 0.0421 0.0309 0.0231 0.0 0.0563 0.127 0.137 0.0385 0.0223 0.0184 0.0145 0.0311 0.1103 0.1443 0.0193 0.0167 0.0171 0.0246 0.0796 0.1417 0.0153 0.0219 0.0266 0.053 0.1222 0.0242 0.0385 0.0453 0.0895 0.0509 0.0554 0.0684 0.0818 0.0649 0.0795
3.000 0.000 30 0.0767 0.1035 0.0696 0.1305 0.0861 0.0496 0.1413 0.1141 0.0598 0.0372 0.1542 0.1339 0.0835 0.0403 0.0432 0.1406 0.1393 0.1037 0.0554 0.0334 0.0564 0.1287 0.1105 0.1051 0.0727 0.0342 0.0371 0.0663 0.118 0.0886 0.0811 0.0762 0.0563 0.0 0.061 0.0617 0.0798 0.0675 0.0679 0.0691 0.0513 0.053 0.0675 0.063 0.0651 0.0707 0.078 0.0804 0.0785 0.0632 0.0749 0.0852 0.1019 0.1038 0.083 0.096 0.1063 0.1252 0.1172 0.1113 0.1269 0.1331 0.1262 0.1293
5.000 0.000 36 0.0815 0.0998 0.0768 0.1361 0.0902 0.0595 0.1633 0.1241 0.0695 0.0499 0.1975 0.1633 0.0991 0.0595 0.0412 0.2045 0.1941 0.1442 0.085 0.0536 0.0249 0.1998 0.1805 0.1693 0.1277 0.0789 0.0312 0.0098 0.1913 0.1632 0.157 0.1515 0.127 0.061 0.0 0.0047 0.1547 0.1451 0.1474 0.1485 0.1129 0.0305 0.0079 0.1417 0.146 0.1503 0.1435 0.0793 0.0202 0.1495 0.1603 0.1551 0.1212 0.0516 0.1692 0.1667 0.1424 0.0931 0.1887 0.1527 0.1212 0.1725 0.1356 0.1485
7.000 0.000 42 0.0562 0.0795 0.0511 0.1158 0.0721 0.0355 0.1501 0.1079 0.0551 0.0256 0.1941 0.1547 0.0886 0.0481 0.0177 0.2158 0.1983 0.1411 0.0795 0.0437 0.0074 0.2203 0.1983 0.1813 0.1333 0.0808 0.0259 0.001 0.2154 0.1865 0.1785 0.1689 0.137 0.0617 0.0047 0.0 0.177 0.1666 0.1661 0.1609 0.1106 0.0215 0.0008 0.1608 0.1613 0.1575 0.1354 0.0554 0.0057 0.1629 0.1633 0.1401 0.0919 0.0235 0.168 0.1468 0.107 0.0549 0.1656 0.1153 0.0776 0.1314 0.0926 0.1086
-6.000 1.000 36 0.0866 0.0824 0.1124 0.07 0.1019 0.1508 0.0601 0.0826 0.1347 0.1583 0.055 0.0668 0.1042 0.1418 0.1399 0.0452 0.0548 0.065 0.1041 0.1224 0.1356 0.0279 0.0398 0.0421 0.0562 0.084 0.1185 0.1641 0.0157 0.0182 0.0286 0.028 0.0385 0.0798 0.1547 0.177 0.0 0.016 0.0179 0.0194 0.0331 0.1055 0.161 0.0091 0.0122 0.0139 0.0238 0.0533 0.1227 0.0098 0.0105 0.0207 0.0421 0.0826 0.0099 0.0132 0.0401 0.0619 0.0116 0.0404 0.0586 0.0359 0.0672 0.0673
-4.000 1.000 30 0.0781 0.0686 0.1098 0.0521 0.0929 0.135 0.0414 0.0652 0.1156 0.1258 0.0415 0.0416 0.0808 0.1106 0.1064 0.0405 0.0272 0.0403 0.0756 0.094 0.1136 0.038 0.0193 0.0148 0.0321 0.0613 0.1008 0.1507 0.0374 0.0131 0.0065 0.0089 0.0223 0.0675 0.1451 0.1666 0.016 0.0 0.0036 0.0074 0.0236 0.0999 0.1546 0.0049 0.002 0.0044 0.0149 0.047 0.1181 0.0025 0.0029 0.0138 0.0341 0.0769 0.0027 0.0108 0.0347 0.056 0.0085 0.0368 0.0526 0.0361 0.0615 0.0704
-2.000 1.000 24 0.1095 0.0941 0.1323 0.0676 0.1115 0.1282 0.0427 0.0797 0.1134 0.1026 0.0304 0.0474 0.0786 0.0928 0.0892 0.035 0.0204 0.0375 0.0622 0.0816 0.11 0.0424 0.0153 0.0089 0.0243 0.053 0.0985 0.1521 0.0445 0.0164 0.0035 0.0042 0.0184 0.0679 0.1474 0.1661 0.0179 0.0036 0.0 0.0052 0.0244 0.1052 0.1573 0.0049 0.0016 0.0029 0.0133 0.05 0.1227 0.0024 0.0036 0.0135 0.0318 0.0792 0.0042 0.0148 0.0338 0.0547 0.0156 0.0418 0.0512 0.0527 0.0608 0.0782
0.000 1.000 18 0.1326 0.1284 0.1254 0.1067 0.1253 0.1022 0.0873 0.1034 0.0982 0.0822 0.0545 0.079 0.0811 0.0741 0.0841 0.0425 0.0414 0.0514 0.0542 0.0728 0.1173 0.0476 0.023 0.0221 0.0231 0.0489 0.1013 0.1552 0.0487 0.0204 0.0098 0.0074 0.0145 0.0691 0.1485 0.1609 0.0194 0.0074 0.0052 0.0 0.0246 0.1107 0.1562 0.0078 0.0066 0.0057 0.0102 0.0551 0.1275 0.0082 0.0119 0.0141 0.0298 0.0862 0.0159 0.0264 0.0311 0.055 0.0395 0.0455 0.0465 0.0715 0.0534 0.0765
2.000 1.000 24 0.1237 0.1452 0.1127 0.1433 0.1272 0.0885 0.1362 0.1303 0.097 0.0761 0.1125 0.124 0.0997 0.0765 0.0853 0.0793 0.0921 0.0883 0.0716 0.0747 0.1118 0.0717 0.0542 0.0604 0.0538 0.0563 0.0917 0.1252 0.0658 0.0395 0.0336 0.0356 0.0311 0.0513 0.1129 0.1106 0.0331 0.0236 0.0244 0.0246 0.0 0.0804 0.1083 0.0238 0.0253 0.0265 0.0236 0.0469 0.0983 0.029 0.0359 0.0336 0.0426 0.0853 0.0438 0.0504 0.0466 0.073 0.0713 0.0584 0.0646 0.0826 0.065 0.0753
4.000 1.000 30 0.1138 0.1446 0.1065 0.1817 0.1279 0.0915 0.1983 0.1657 0.1006 0.0825 0.2051 0.1905 0.1343 0.087 0.0815 0.1749 0.1859 0.1583 0.111 0.0802 0.0673 0.1564 0.1443 0.1505 0.1304 0.0911 0.061 0.0399 0.1418 0.1188 0.1175 0.1222 0.1103 0.053 0.0305 0.0215 0.1055 0.0999 0.1052 0.1107 0.0804 0.0 0.0202 0.0967 0.1012 0.1042 0.098 0.047 0.0226 0.1038 0.1112 0.1032 0.084 0.0446 0.1201 0.1156 0.099 0.0774 0.1394 0.1093 0.0952 0.1294 0.1051 0.1154
6.000 1.000 36 0.0973 0.1225 0.0891 0.1678 0.1104 0.0705 0.201 0.1534 0.09 0.0574 0.238 0.2013 0.1294 0.0794 0.0416 0.2327 0.23 0.1801 0.1147 0.0676 0.0205 0.2138 0.1991 0.1954 0.1576 0.1004 0.0396 0.0047 0.1987 0.1748 0.1715 0.1698 0.1443 0.0675 0.0079 0.0008 0.161 0.1546 0.1573 0.1562 0.1083 0.0202 0.0 0.1448 0.1462 0.1429 0.1245 0.0524 0.0059 0.1435 0.1438 0.1232 0.085 0.0252 0.1541 0.1349 0.1027 0.0563 0.1547 0.11 0.0795 0.1249 0.0934 0.1069
-5.000 2.000 30 0.0837 0.0767 0.1151 0.0636 0.0969 0.1395 0.0548 0.0711 0.1178 0.1261 0.0548 0.0502 0.0829 0.1073 0.0996 0.0516 0.0381 0.0405 0.0719 0.0863 0.1089 0.0381 0.0288 0.0196 0.0275 0.0531 0.0959 0.1532 0.027 0.016 0.0114 0.0097 0.0193 0.063 0.1417 0.1608 0.0091 0.0049 0.0049 0.0078 0.0238 0.0967 0.1448 0.0 0.0025 0.0044 0.0169 0.0467 0.1145 0.002 0.0028 0.0142 0.0382 0.0785 0.0032 0.0101 0.0375 0.0596 0.0082 0.0374 0.0567 0.0325 0.0653 0.0648
-3.000 2.000 24 0.098 0.0787 0.1255 0.0546 0.1055 0.1281 0.0386 0.0699 0.1107 0.1011 0.0352 0.0395 0.0762 0.0897 0.0861 0.0389 0.0206 0.0342 0.0594 0.0769 0.1106 0.0386 0.016 0.009 0.0225 0.0476 0.0985 0.1603 0.0342 0.0132 0.0036 0.005 0.0167 0.0651 0.146 0.1613 0.0122 0.002 0.0016 0.0066 0.0253 0.1012 0.1462 0.0025 0.0 0.0036 0.0175 0.0496 0.1177 0.001 0.0018 0.0147 0.0381 0.0801 0.0019 0.0114 0.037 0.059 0.0099 0.04 0.0553 0.0429 0.0641 0.0752
-1.000 2.000 18 0.1286 0.1171 0.1304 0.0849 0.1214 0.1123 0.0533 0.0933 0.1018 0.0863 0.0335 0.057 0.0776 0.0798 0.0878 0.0352 0.0234 0.039 0.0544 0.0789 0.1258 0.0399 0.0157 0.0116 0.0212 0.0503 0.1098 0.1709 0.0384 0.0149 0.0053 0.0052 0.0171 0.0707 0.1503 0.1575 0.0139 0.0044 0.0029 0.0057 0.0265 0.1042 0.1429 0.0044 0.0036 0.0 0.0141 0.0493 0.1167 0.0047 0.0059 0.0118 0.0321 0.0771 0.0095 0.0176 0.0317 0.0528 0.0273 0.0417 0.0466 0.0621 0.0548 0.0772
1.000 2.000 18 0.1395 0.1423 0.1325 0.1249 0.1331 0.1097 0.1004 0.1158 0.1078 0.0971 0.0602 0.0932 0.0908 0.0906 0.1149 0.0446 0.0474 0.0624 0.0691 0.0962 0.1546 0.0481 0.0246 0.0289 0.035 0.066 0.1248 0.1706 0.0488 0.0241 0.0154 0.0159 0.0246 0.078 0.1435 0.1354 0.0238 0.0149 0.0133 0.0102 0.0236 0.098 0.1245 0.0169 0.0175 0.0141 0.0 0.0426 0.1056 0.0221 0.0251 0.0145 0.0197 0.0689 0.0347 0.0336 0.024 0.0439 0.0574 0.0395 0.0376 0.0693 0.0431 0.0593
3.000 2.000 24 0.165 0.1922 0.1547 0.1937 0.1737 0.1332 0.1791 0.181 0.1449 0.1243 0.1403 0.1666 0.1508 0.1263 0.1318 0.0966 0.1186 0.1298 0.1266 0.1239 0.1275 0.0836 0.0698 0.086 0.1006 0.1093 0.1133 0.0894 0.0804 0.0583 0.0561 0.0665 0.0796 0.0804 0.0793 0.0554 0.0533 0.047 0.05 0.0551 0.0469 0.047 0.0524 0.0467 0.0496 0.0493 0.0426 0.0 0.0446 0.0564 0.0607 0.0486 0.0326 0.0352 0.0736 0.0653 0.0474 0.0435 0.0886 0.0599 0.0524 0.0794 0.0605 0.0685
5.000 2.000 30 0.1418 0.1795 0.134 0.2273 0.16 0.1144 0.25 0.2074 0.1331 0.0989 0.2429 0.2363 0.1762 0.1174 0.0835 0.1978 0.2194 0.2029 0.1516 0.1007 0.0507 0.1703 0.1635 0.1804 0.1726 0.1241 0.0656 0.0173 0.1541 0.1342 0.1357 0.1465 0.1417 0.0785 0.0202 0.0057 0.1227 0.1181 0.1227 0.1275 0.0983 0.0226 0.0059 0.1145 0.1177 0.1167 0.1056 0.0446 0.0 0.1185 0.1198 0.1018 0.0718 0.0204 0.129 0.1114 0.0835 0.0501 0.1336 0.0933 0.0686 0.1079 0.0836 0.0963
-4.000 3.000 24 0.0881 0.0731 0.1198 0.0528 0.0989 0.129 0.0423 0.0662 0.1086 0.1014 0.0445 0.0389 0.0736 0.0875 0.0856 0.0447 0.0247 0.0297 0.057 0.0745 0.1134 0.0374 0.019 0.0102 0.0189 0.0457 0.1002 0.1657 0.0278 0.0132 0.0051 0.0054 0.0153 0.0632 0.1495 0.1629 0.0098 0.0025 0.0024 0.0082 0.029 0.1038 0.1435 0.002 0.001 0.0047 0.0221 0.0564 0.1185 0.0 0.0019 0.0165 0.0447 0.0845 0.0016 0.0108 0.0419 0.0646 0.0078 0.0417 0.0605 0.0364 0.0691 0.0671
-2.000 3.000 18 0.118 0.0988 0.1339 0.0667 0.1154 0.1171 0.0403 0.0813 0.1059 0.0895 0.0318 0.0444 0.0761 0.0815 0.0917 0.0367 0.0194 0.0352 0.0547 0.0817 0.1354 0.0364 0.0147 0.009 0.0225 0.0519 0.1174 0.1811 0.0307 0.0123 0.0045 0.0073 0.0219 0.0749 0.1603 0.1633 0.0105 0.0029 0.0036 0.0119 0.0359 0.1112 0.1438 0.0028 0.0018 0.0059 0.0251 0.0607 0.1198 0.0019 0.0 0.0176 0.0445 0.0846 0.0035 0.0119 0.0391 0.0613 0.0148 0.0411 0.0541 0.0495 0.0609 0.0742
0.000 3.000 12 0.1399 0.1323 0.1331 0.1035 0.13 0.1107 0.0698 0.1048 0.1051 0.0982 0.0408 0.0712 0.0835 0.0878 0.1161 0.0407 0.0308 0.05 0.0632 0.1005 0.1635 0.0445 0.0207 0.0212 0.0283 0.0653 0.1363 0.1789 0.0407 0.0191 0.0143 0.015 0.0266 0.0852 0.1551 0.1401 0.0207 0.0138 0.0135 0.0141 0.0336 0.1032 0.1232 0.0142 0.0147 0.0118 0.0145 0.0486 0.1018 0.0165 0.0176 0.0 0.024 0.066 0.0258 0.0193 0.0177 0.0398 0.0428 0.0295 0.0311 0.0586 0.0367 0.057
2.000 3.000 18 0.1687 0.1754 0.1634 0.1517 0.1638 0.1476 0.1228 0.1451 0.142 0.1435 0.0756 0.115 0.1219 0.1345 0.1615 0.0582 0.063 0.0832 0.1057 0.1422 0.1805 0.0625 0.0394 0.0439 0.0615 0.1068 0.1514 0.1388 0.0619 0.0383 0.031 0.0344 0.053 0.1019 0.1212 0.0919 0.0421 0.0341 0.0318 0.0298 0.0426 0.084 0.085 0.0382 0.0381 0.0321 0.0197 0.0326 0.0718 0.0447 0.0445 0.024 0.0 0.0435 0.0573 0.0412 0.0174 0.0228 0.0683 0.0323 0.0237 0.0573 0.0321 0.0438
4.000 3.000 24 0.2001 0.2365 0.1874 0.2484 0.2159 0.1629 0.228 0.2323 0.1842 0.1495 0.1744 0.2127 0.2019 0.1601 0.1397 0.1227 0.1513 0.1767 0.1768 0.1466 0.0986 0.1102 0.0978 0.1202 0.1465 0.1497 0.1105 0.0469 0.104 0.0831 0.0832 0.0995 0.1222 0.1038 0.0516 0.0235 0.0826 0.0769 0.0792 0.0862 0.0853 0.0446 0.0252 0.0785 0.0801 0.0771 0.0689 0.0352 0.0204 0.0845 0.0846 0.066 0.0435 0.0 0.0959 0.0758 0.0513 0.0263 0.0987 0.0592 0.0423 0.0732 0.0554 0.0672
-3.000 4.000 18 0.1074 0.0843 0.1302 0.0556 0.1099 0.1196 0.0379 0.0728 0.1058 0.0926 0.0363 0.0388 0.0735 0.0824 0.0962 0.0399 0.0193 0.0329 0.0551 0.0841 0.147 0.0352 0.0154 0.0091 0.0201 0.0546 0.1254 0.1916 0.027 0.0119 0.0042 0.0081 0.0242 0.083 0.1692 0.168 0.0099 0.0027 0.0042 0.0159 0.0438 0.1201 0.1541 0.0032 0.0019 0.0095 0.0347 0.0736 0.129 0.0016 0.0035 0.0258 0.0573 0.0959 0.0 0.0148 0.0527 0.0748 0.0085 0.0473 0.0685 0.0393 0.0696 0.0657
-1.000 4.000 12 0.1399 0.1242 0.1409 0.0881 0.1312 0.1203 0.054 0.0993 0.1122 0.1047 0.0376 0.0602 0.0871 0.0951 0.124 0.0407 0.0285 0.0457 0.0693 0.1079 0.1771 0.0401 0.0189 0.0203 0.0353 0.0722 0.1488 0.192 0.0331 0.0155 0.0137 0.0196 0.0385 0.096 0.1667 0.1468 0.0132 0.0108 0.0148 0.0264 0.0504 0.1156 0.1349 0.0101 0.0114 0.0176 0.0336 0.0653 0.1114 0.0108 0.0119 0.0193 0.0412 0.0758 0.0148 0.0 0.0295 0.0484 0.0227 0.0265 0.0391 0.044 0.0421 0.0561
1.000 4.000 12 0.1576 0.1546 0.1527 0.129 0.1485 0.1357 0.0942 0.1256 0.1268 0.1339 0.0599 0.0931 0.1037 0.1191 0.1645 0.0593 0.0507 0.0703 0.0874 0.1359 0.1956 0.0636 0.0404 0.0384 0.0492 0.0941 0.1655 0.1583 0.0599 0.04 0.0336 0.0335 0.0453 0.1063 0.1424 0.107 0.0401 0.0347 0.0338 0.0311 0.0466 0.099 0.1027 0.0375 0.037 0.0317 0.024 0.0474 0.0835 0.0419 0.0391 0.0177 0.0174 0.0513 0.0527 0.0295 0.0 0.0237 0.0563 0.0167 0.0136 0.0434 0.0183 0.0316
3.000 4.000 18 0.2162 0.222 0.2083 0.1929 0.2125 0.1915 0.1568 0.188 0.1896 0.1868 0.0998 0.1479 0.1676 0.1796 0.1871 0.0785 0.0876 0.118 0.1534 0.1816 0.1546 0.0838 0.0618 0.0694 0.097 0.1496 0.1552 0.0914 0.0821 0.0607 0.0543 0.0596 0.0895 0.1252 0.0931 0.0549 0.0619 0.056 0.0547 0.055 0.073 0.0774 0.0563 0.0596 0.059 0.0528 0.0439 0.0435 0.0501 0.0646 0.0613 0.0398 0.0228 0.0263 0.0748 0.0484 0.0237 0.0 0.073 0.0321 0.0164 0.0501 0.0308 0.0441
-2.000 5.000 12 0.1337 0.1106 0.147 0.073 0.1295 0.1298 0.0452 0.0922 0.1186 0.1147 0.0381 0.0506 0.0898 0.1038 0.1384 0.0406 0.0253 0.0462 0.0748 0.1211 0.1996 0.0369 0.0197 0.0183 0.0418 0.086 0.169 0.2168 0.029 0.0129 0.0118 0.0244 0.0509 0.1172 0.1887 0.1656 0.0116 0.0085 0.0156 0.0395 0.0713 0.1394 0.1547 0.0082 0.0099 0.0273 0.0574 0.0886 0.1336 0.0078 0.0148 0.0428 0.0683 0.0987 0.0085 0.0227 0.0563 0.073 0.0 0.044 0.0623 0.0299 0.0566 0.0509
0.000 5.000 6 0.1644 0.1548 0.1582 0.1219 0.1536 0.1382 0.084 0.127 0.1306 0.1338 0.0621 0.0902 0.1074 0.119 0.1631 0.0647 0.0525 0.0731 0.0905 0.1387 0.2046 0.0646 0.0447 0.0467 0.0557 0.0968 0.1715 0.1705 0.058 0.0417 0.0389 0.0445 0.0554 0.1113 0.1527 0.1153 0.0404 0.0368 0.0418 0.0455 0.0584 0.1093 0.11 0.0374 0.04 0.0417 0.0395 0.0599 0.0933 0.0417 0.0411 0.0295 0.0323 0.0592 0.0473 0.0265 0.0167 0.0321 0.044 0.0 0.0183 0.0269 0.0144 0.0234
2.000 5.000 12 0.1864 0.1836 0.1859 0.1531 0.1766 0.177 0.1165 0.1497 0.1608 0.1804 0.0776 0.1142 0.13 0.1622 0.1996 0.075 0.0683 0.0878 0.1203 0.1766 0.1916 0.0789 0.0573 0.0559 0.0706 0.13 0.1744 0.1216 0.0767 0.0574 0.0508 0.0501 0.0684 0.1269 0.1212 0.0776 0.0586 0.0526 0.0512 0.0465 0.0646 0.0952 0.0795 0.0567 0.0553 0.0466 0.0376 0.0524 0.0686 0.0605 0.0541 0.0311 0.0237 0.0423 0.0685 0.0391 0.0136 0.0164 0.0623 0.0183 0.0 0.0355 0.0152 0.0282
-1.000 6.000 6 0.1782 0.1588 0.1797 0.119 0.1693 0.1593 0.0828 0.1344 0.152 0.151 0.0662 0.0922 0.1261 0.1387 0.1788 0.0668 0.0597 0.0827 0.112 0.1562 0.2266 0.0616 0.0465 0.0562 0.0779 0.1163 0.1912 0.1927 0.0518 0.0398 0.0459 0.062 0.0818 0.1331 0.1725 0.1314 0.0359 0.0361 0.0527 0.0715 0.0826 0.1294 0.1249 0.0325 0.0429 0.0621 0.0693 0.0794 0.1079 0.0364 0.0495 0.0586 0.0573 0.0732 0.0393 0.044 0.0434 0.0501 0.0299 0.0269 0.0355 0.0 0.0234 0.0166
1.000 6.000 6 0.1769 0.1717 0.1727 0.1436 0.1663 0.159 0.1064 0.1423 0.146 0.1643 0.0814 0.1084 0.1208 0.1431 0.1988 0.0854 0.0719 0.0877 0.1061 0.1652 0.2065 0.0871 0.0661 0.0621 0.0683 0.1161 0.1832 0.1398 0.0829 0.0659 0.06 0.057 0.0649 0.1262 0.1356 0.0926 0.0672 0.0615 0.0608 0.0534 0.065 0.1051 0.0934 0.0653 0.0641 0.0548 0.0431 0.0605 0.0836 0.0691 0.0609 0.0367 0.0321 0.0554 0.0696 0.0421 0.0183 0.0308 0.0566 0.0144 0.0152 0.0234 0.0 0.0124
0.000 7.000 0 0.1946 0.1855 0.185 0.1517 0.1829 0.1635 0.1155 0.1579 0.1567 0.1632 0.098 0.1213 0.1368 0.1449 0.1964 0.0992 0.0886 0.1049 0.1162 0.1665 0.2181 0.0931 0.0801 0.082 0.0865 0.12 0.1896 0.158 0.082 0.0732 0.0766 0.0801 0.0795 0.1293 0.1485 0.1086 0.0673 0.0704 0.0782 0.0765 0.0753 0.1154 0.1069 0.0648 0.0752 0.0772 0.0593 0.0685 0.0963 0.0671 0.0742 0.057 0.0438 0.0672 0.0657 0.0561 0.0316 0.0441 0.0509 0.0234 0.0282 0.0166 0.0124 0.0