n 64
m 4
tmax 17.5
0.000 -7.000 0 0.0 0.0106 0.0231 0.012 0.025 0.06 0.0118 0.0222 0.0542 0.0967 0.0116 0.0172 0.0422 0.0908 0.1218 0.0116 0.0146 0.0309 0.0718 0.1198 0.1283 0.0115 0.0211 0.0374 0.0541 0.0952 0.1293 0.129 0.0117 0.0356 0.0584 0.0481 0.074 0.1119 0.1327 0.1289 0.0442 0.0721 0.0705 0.0686 0.1003 0.1229 0.1341 0.0917 0.0828 0.0985 0.1067 0.1175 0.1279 0.0904 0.1089 0.1355 0.1278 0.1286 0.1011 0.1513 0.1641 0.1429 0.1397 0.191 0.1781 0.1928 0.2188 0.2401
-1.000 -6.000 6 0.0106 0.0 0.025 0.0024 0.01 0.0545 0.0033 0.006 0.0307 0.0869 0.0047 0.004 0.0161 0.0599 0.1104 0.0049 0.0053 0.0098 0.0357 0.0839 0.1154 0.005 0.0112 0.0214 0.0247 0.0532 0.0918 0.1149 0.0063 0.0258 0.0455 0.0276 0.0367 0.0653 0.0951 0.1144 0.0357 0.0591 0.0563 0.0426 0.0578 0.076 0.0973 0.079 0.0698 0.0775 0.0741 0.0741 0.0831 0.0797 0.0912 0.1133 0.0928 0.0851 0.0855 0.1269 0.1391 0.1079 0.115 0.1665 0.1522 0.1638 0.1969 0.213
1.000 -6.000 6 0.0231 0.025 0.0 0.0248 0.0249 0.0352 0.0236 0.0313 0.0433 0.0694 0.0212 0.0292 0.0466 0.0734 0.089 0.0215 0.0275 0.0441 0.0704 0.0938 0.0959 0.0228 0.0415 0.0502 0.0617 0.0864 0.1016 0.096 0.0249 0.0649 0.0751 0.0604 0.0763 0.0956 0.1028 0.0942 0.0805 0.0933 0.0802 0.08 0.096 0.1017 0.1014 0.1146 0.0966 0.1123 0.1099 0.1064 0.1035 0.1018 0.126 0.1462 0.1236 0.1117 0.1204 0.1672 0.1643 0.1347 0.1617 0.2012 0.1717 0.2129 0.2171 0.25
-2.000 -5.000 12 0.012 0.0024 0.0248 0.0 0.006 0.0465 0.0016 0.0016 0.018 0.072 0.0031 0.0013 0.0063 0.0384 0.0849 0.0033 0.0034 0.0055 0.0192 0.0539 0.0869 0.0035 0.0106 0.0179 0.0163 0.0301 0.0567 0.0812 0.0048 0.0223 0.043 0.0289 0.0251 0.0392 0.0573 0.0746 0.0318 0.0553 0.0567 0.0431 0.045 0.0489 0.0581 0.0738 0.0673 0.084 0.073 0.0607 0.0558 0.0752 0.0911 0.121 0.0931 0.0726 0.0792 0.1251 0.1511 0.1085 0.1118 0.1685 0.1659 0.1563 0.2093 0.2078
0.000 -5.000 6 0.025 0.01 0.0249 0.006 0.0 0.0433 0.0053 0.0072 0.0208 0.0709 0.0059 0.0069 0.0159 0.0491 0.0878 0.0057 0.0101 0.0155 0.0347 0.0688 0.0948 0.0077 0.0238 0.0291 0.0281 0.0491 0.0775 0.0935 0.0133 0.0485 0.0545 0.0313 0.0392 0.0599 0.0799 0.0905 0.0665 0.0735 0.0581 0.0448 0.0596 0.0689 0.0798 0.0972 0.0746 0.0829 0.0767 0.0719 0.0733 0.0815 0.0976 0.1144 0.093 0.0809 0.0938 0.1349 0.1378 0.1046 0.1291 0.1703 0.1482 0.1765 0.1941 0.2195
2.000 -5.000 12 0.06 0.0545 0.0352 0.0465 0.0433 0.0 0.0413 0.0466 0.0335 0.032 0.04 0.0447 0.0501 0.0457 0.0497 0.0385 0.0471 0.0553 0.0578 0.0583 0.0552 0.0457 0.0738 0.0643 0.0599 0.062 0.062 0.0549 0.0628 0.1082 0.0875 0.0612 0.0641 0.0642 0.0618 0.0536 0.1295 0.1051 0.087 0.0786 0.0723 0.0666 0.0602 0.1235 0.1054 0.1124 0.0973 0.0764 0.0651 0.1081 0.1374 0.1408 0.0973 0.0794 0.1369 0.1706 0.1448 0.1039 0.1759 0.1906 0.142 0.2148 0.1924 0.2343
-3.000 -4.000 18 0.0118 0.0033 0.0236 0.0016 0.0053 0.0413 0.0 0.0013 0.0121 0.061 0.0012 0.0011 0.0046 0.029 0.0695 0.0013 0.0024 0.0078 0.0169 0.0393 0.0642 0.0017 0.0078 0.0228 0.0206 0.0261 0.0415 0.058 0.0029 0.0195 0.0422 0.0397 0.0307 0.0369 0.0435 0.0513 0.0271 0.0492 0.0599 0.0591 0.0543 0.0498 0.0456 0.0647 0.0686 0.0929 0.0946 0.0736 0.0588 0.0722 0.0833 0.1364 0.1202 0.0874 0.0755 0.1161 0.1775 0.1375 0.0972 0.1613 0.2039 0.1374 0.2147 0.1852
-1.000 -4.000 12 0.0222 0.006 0.0313 0.0016 0.0072 0.0466 0.0013 0.0 0.0159 0.067 0.0025 0.0014 0.0057 0.0346 0.0754 0.0038 0.0064 0.007 0.0188 0.0465 0.0725 0.0071 0.0237 0.0242 0.0168 0.0281 0.0505 0.069 0.0145 0.048 0.0505 0.0265 0.0249 0.0381 0.0512 0.0626 0.0658 0.071 0.056 0.0403 0.045 0.0475 0.0508 0.0944 0.0709 0.0804 0.0701 0.06 0.0529 0.0807 0.0912 0.1151 0.0894 0.0705 0.086 0.1293 0.1405 0.1041 0.1169 0.1674 0.1557 0.1659 0.199 0.2129
1.000 -4.000 12 0.0542 0.0307 0.0433 0.018 0.0208 0.0335 0.0121 0.0159 0.0 0.0457 0.0128 0.0152 0.0159 0.0263 0.0573 0.0172 0.0249 0.0228 0.0253 0.0435 0.0602 0.0288 0.0537 0.0372 0.0261 0.0345 0.0495 0.0593 0.0527 0.0888 0.0595 0.0321 0.0321 0.0423 0.0515 0.057 0.1103 0.0778 0.0572 0.0462 0.0485 0.0477 0.0515 0.099 0.0764 0.0855 0.0697 0.0572 0.051 0.081 0.1059 0.1132 0.0801 0.0624 0.1042 0.1398 0.1262 0.0904 0.1419 0.1673 0.1316 0.1852 0.1799 0.2154
3.000 -4.000 18 0.0967 0.0869 0.0694 0.072 0.0709 0.032 0.061 0.067 0.0457 0.0 0.0576 0.0608 0.0562 0.0266 0.0173 0.0638 0.0708 0.059 0.0433 0.0268 0.0235 0.086 0.1023 0.0633 0.0481 0.0356 0.029 0.0253 0.1216 0.1282 0.0802 0.0529 0.0439 0.0334 0.0301 0.0238 0.1374 0.0956 0.0833 0.061 0.0469 0.0346 0.0283 0.1105 0.1063 0.105 0.0741 0.0446 0.0345 0.1124 0.1366 0.1175 0.0676 0.0467 0.1431 0.1587 0.1127 0.0701 0.1736 0.1604 0.1092 0.1963 0.1553 0.1976
-4.000 -3.000 24 0.0116 0.0047 0.0212 0.0031 0.0059 0.04 0.0012 0.0025 0.0128 0.0576 0.0 0.0024 0.0082 0.0298 0.0653 0.0003 0.0022 0.0166 0.0264 0.0423 0.0605 0.0008 0.0045 0.0283 0.0364 0.038 0.0468 0.0555 0.0024 0.0151 0.0359 0.052 0.0523 0.0557 0.0557 0.0551 0.022 0.0418 0.0552 0.0818 0.0841 0.0757 0.0647 0.0559 0.0583 0.0853 0.128 0.111 0.0918 0.0628 0.0688 0.1336 0.1645 0.1354 0.0652 0.0937 0.1831 0.197 0.0822 0.1324 0.2289 0.1152 0.1832 0.1547
-2.000 -3.000 18 0.0172 0.004 0.0292 0.0013 0.0069 0.0447 0.0011 0.0014 0.0152 0.0608 0.0024 0.0 0.007 0.0307 0.066 0.0048 0.0067 0.0095 0.0196 0.0388 0.0585 0.0103 0.0249 0.0269 0.0207 0.0267 0.0395 0.0512 0.0206 0.0484 0.05 0.0364 0.0303 0.0387 0.0436 0.0473 0.0668 0.0671 0.0628 0.0559 0.0545 0.052 0.0468 0.0921 0.0713 0.092 0.0897 0.0735 0.0613 0.0775 0.0929 0.1337 0.1142 0.0884 0.0834 0.1262 0.1704 0.1332 0.1111 0.1715 0.1922 0.1542 0.2182 0.2048
0.000 -3.000 12 0.0422 0.0161 0.0466 0.0063 0.0159 0.0501 0.0046 0.0057 0.0159 0.0562 0.0082 0.007 0.0 0.0253 0.0579 0.0189 0.0221 0.0096 0.0114 0.0325 0.0517 0.0398 0.0559 0.0263 0.0112 0.0193 0.0341 0.0463 0.0698 0.0887 0.05 0.0199 0.0187 0.0284 0.036 0.042 0.1058 0.0692 0.0494 0.0323 0.0381 0.0369 0.0365 0.0903 0.0671 0.0744 0.0622 0.0502 0.0422 0.0713 0.0912 0.1053 0.078 0.0599 0.0898 0.1263 0.127 0.0908 0.1239 0.1607 0.138 0.1687 0.1839 0.2094
2.000 -3.000 18 0.0908 0.0599 0.0734 0.0384 0.0491 0.0457 0.029 0.0346 0.0263 0.0266 0.0298 0.0307 0.0253 0.0 0.0268 0.0451 0.0453 0.0273 0.0152 0.0158 0.0286 0.0759 0.0776 0.0343 0.0204 0.0155 0.0221 0.0289 0.1081 0.0953 0.0506 0.0293 0.0222 0.0212 0.0253 0.027 0.1031 0.0683 0.0592 0.043 0.0316 0.0264 0.0252 0.0863 0.0828 0.0838 0.0589 0.037 0.0281 0.0893 0.1146 0.1053 0.0597 0.0427 0.1192 0.1414 0.1067 0.0682 0.1524 0.153 0.1069 0.1834 0.1549 0.1953
4.000 -3.000 24 0.1218 0.1104 0.089 0.0849 0.0878 0.0497 0.0695 0.0754 0.0573 0.0173 0.0653 0.066 0.0579 0.0268 0.0 0.0778 0.0729 0.0509 0.0338 0.0125 0.0074 0.1076 0.096 0.05 0.035 0.0209 0.0119 0.01 0.1297 0.1032 0.0665 0.0432 0.0305 0.0182 0.0132 0.0103 0.1127 0.0877 0.0805 0.0529 0.0315 0.0175 0.0131 0.1064 0.1102 0.1009 0.0553 0.0275 0.0174 0.1232 0.1374 0.1005 0.0477 0.0282 0.1509 0.1446 0.0853 0.053 0.1679 0.1322 0.0889 0.1711 0.1278 0.1652
-5.000 -2.000 30 0.0116 0.0049 0.0215 0.0033 0.0057 0.0385 0.0013 0.0038 0.0172 0.0638 0.0003 0.0048 0.0189 0.0451 0.0778 0.0 0.0045 0.0339 0.05 0.0638 0.0782 0.0007 0.0054 0.0385 0.0597 0.0649 0.073 0.0786 0.0024 0.011 0.0344 0.0611 0.0797 0.0891 0.0887 0.085 0.0167 0.036 0.0527 0.0964 0.1212 0.1185 0.1074 0.0464 0.0539 0.0805 0.1464 0.1546 0.1413 0.0565 0.0697 0.1177 0.1867 0.1835 0.0616 0.0843 0.1588 0.2254 0.0839 0.1125 0.2006 0.1098 0.1548 0.1427
-3.000 -2.000 24 0.0146 0.0053 0.0275 0.0034 0.0101 0.0471 0.0024 0.0064 0.0249 0.0708 0.0022 0.0067 0.0221 0.0453 0.0729 0.0045 0.0 0.0269 0.0373 0.0497 0.0631 0.0126 0.0179 0.0272 0.0387 0.0431 0.0517 0.0581 0.0239 0.0399 0.0382 0.0463 0.0524 0.0602 0.0608 0.0589 0.055 0.0517 0.0508 0.0774 0.0826 0.079 0.07 0.0728 0.0556 0.0832 0.1197 0.1094 0.0951 0.0636 0.0663 0.1283 0.1556 0.1318 0.0598 0.0936 0.177 0.1839 0.0792 0.1337 0.2149 0.1143 0.1864 0.1558
-1.000 -2.000 18 0.0309 0.0098 0.0441 0.0055 0.0155 0.0553 0.0078 0.007 0.0228 0.059 0.0166 0.0095 0.0096 0.0273 0.0509 0.0339 0.0269 0.0 0.0112 0.0265 0.041 0.0584 0.0567 0.0179 0.0072 0.016 0.0273 0.0355 0.0815 0.0786 0.0405 0.0163 0.018 0.0288 0.0326 0.0336 0.0933 0.0584 0.0444 0.0371 0.0429 0.0431 0.0381 0.0795 0.0571 0.0745 0.0711 0.0616 0.0528 0.0621 0.0816 0.1133 0.0953 0.0764 0.0757 0.1202 0.144 0.1142 0.1086 0.1603 0.1656 0.1554 0.1975 0.2023
1.000 -2.000 18 0.0718 0.0357 0.0704 0.0192 0.0347 0.0578 0.0169 0.0188 0.0253 0.0433 0.0264 0.0196 0.0114 0.0152 0.0338 0.05 0.0373 0.0112 0.0 0.0155 0.0287 0.0791 0.064 0.0193 0.0068 0.0082 0.0183 0.026 0.0964 0.0755 0.0399 0.0185 0.0128 0.0181 0.022 0.0241 0.0881 0.0603 0.0525 0.0338 0.0303 0.0266 0.0242 0.0782 0.0757 0.0781 0.0569 0.0402 0.0324 0.0811 0.1062 0.1023 0.0667 0.0497 0.1083 0.1315 0.1154 0.0788 0.1415 0.1552 0.1213 0.1765 0.1691 0.2024
3.000 -2.000 24 0.1198 0.0839 0.0938 0.0539 0.0688 0.0583 0.0393 0.0465 0.0435 0.0268 0.0423 0.0388 0.0325 0.0158 0.0125 0.0638 0.0497 0.0265 0.0155 0.0 0.0119 0.0919 0.0712 0.0296 0.0186 0.0082 0.0076 0.013 0.1031 0.0808 0.0535 0.0326 0.0193 0.0106 0.0115 0.0128 0.101 0.0796 0.073 0.0459 0.0244 0.0144 0.0128 0.0991 0.1041 0.0936 0.0511 0.0248 0.017 0.1151 0.13 0.0968 0.0461 0.0296 0.1402 0.1402 0.0878 0.0534 0.1598 0.1346 0.0899 0.1715 0.1317 0.1708
5.000 -2.000 30 0.1283 0.1154 0.0959 0.0869 0.0948 0.0552 0.0642 0.0725 0.0602 0.0235 0.0605 0.0585 0.0517 0.0286 0.0074 0.0782 0.0631 0.041 0.0287 0.0119 0.0 0.1036 0.0801 0.0405 0.0294 0.0167 0.0058 0.003 0.112 0.0913 0.068 0.0456 0.0279 0.012 0.0053 0.0037 0.1198 0.1001 0.092 0.0546 0.0238 0.0094 0.0053 0.123 0.1284 0.1043 0.0442 0.0182 0.0086 0.1422 0.1415 0.0847 0.0349 0.0195 0.1566 0.1272 0.0697 0.0442 0.1524 0.1112 0.0783 0.1485 0.1169 0.1481
-6.000 -1.000 36 0.0115 0.005 0.0228 0.0035 0.0077 0.0457 0.0017 0.0071 0.0288 0.086 0.0008 0.0103 0.0398 0.0759 0.1076 0.0007 0.0126 0.0584 0.0791 0.0919 0.1036 0.0 0.011 0.0543 0.0817 0.0905 0.1009 0.107 0.0016 0.0084 0.0385 0.0681 0.0995 0.1188 0.123 0.1205 0.0102 0.0317 0.0548 0.1007 0.143 0.1508 0.1458 0.034 0.0501 0.0754 0.1475 0.1793 0.1791 0.0447 0.0601 0.1014 0.1819 0.2064 0.0519 0.0724 0.1321 0.2068 0.0706 0.0974 0.1599 0.0974 0.1304 0.1259
-4.000 -1.000 30 0.0211 0.0112 0.0415 0.0106 0.0238 0.0738 0.0078 0.0237 0.0537 0.1023 0.0045 0.0249 0.0559 0.0776 0.096 0.0054 0.0179 0.0567 0.064 0.0712 0.0801 0.011 0.0 0.0382 0.0581 0.0643 0.0737 0.079 0.0198 0.0199 0.0226 0.0485 0.0738 0.0896 0.0922 0.0891 0.0338 0.029 0.0376 0.0823 0.1144 0.1174 0.1106 0.0486 0.0393 0.0621 0.1291 0.146 0.1394 0.0448 0.0468 0.0976 0.1686 0.1736 0.0458 0.0635 0.1393 0.1995 0.0622 0.0937 0.176 0.0891 0.1351 0.1239
-2.000 -1.000 24 0.0374 0.0214 0.0502 0.0179 0.0291 0.0643 0.0228 0.0242 0.0372 0.0633 0.0283 0.0269 0.0263 0.0343 0.05 0.0385 0.0272 0.0179 0.0193 0.0296 0.0405 0.0543 0.0382 0.0 0.0163 0.0254 0.0365 0.0427 0.0633 0.0501 0.0196 0.0199 0.035 0.0493 0.0523 0.0503 0.0632 0.0371 0.031 0.0545 0.0705 0.0713 0.0654 0.0565 0.0378 0.0667 0.1 0.098 0.0888 0.0411 0.0579 0.1148 0.1369 0.1201 0.0506 0.0902 0.1631 0.1643 0.076 0.1351 0.1972 0.1168 0.1866 0.1634
0.000 -1.000 18 0.0541 0.0247 0.0617 0.0163 0.0281 0.0599 0.0206 0.0168 0.0261 0.0481 0.0364 0.0207 0.0112 0.0204 0.035 0.0597 0.0387 0.0072 0.0068 0.0186 0.0294 0.0817 0.0581 0.0163 0.0 0.0128 0.0242 0.0303 0.0867 0.0678 0.0397 0.0149 0.0135 0.0282 0.0325 0.0322 0.0858 0.0598 0.05 0.0318 0.0389 0.0413 0.0384 0.0766 0.0685 0.0747 0.0628 0.0551 0.0518 0.076 0.0932 0.1068 0.0827 0.0709 0.0978 0.1245 0.1291 0.1022 0.1258 0.1587 0.1447 0.1667 0.1837 0.2053
2.000 -1.000 24 0.0952 0.0532 0.0864 0.0301 0.0491 0.062 0.0261 0.0281 0.0345 0.0356 0.038 0.0267 0.0193 0.0155 0.0209 0.0649 0.0431 0.016 0.0082 0.0082 0.0167 0.0905 0.0643 0.0254 0.0128 0.0 0.0106 0.0162 0.0991 0.0811 0.0575 0.0314 0.0132 0.0104 0.0146 0.0155 0.1088 0.0853 0.0756 0.0416 0.0227 0.018 0.0168 0.1038 0.1069 0.0915 0.0497 0.0285 0.0234 0.1154 0.127 0.0969 0.051 0.0377 0.1351 0.1385 0.0948 0.0624 0.1548 0.1386 0.0992 0.1736 0.1423 0.1785
4.000 -1.000 30 0.1293 0.0918 0.1016 0.0567 0.0775 0.062 0.0415 0.0505 0.0495 0.029 0.0468 0.0395 0.0341 0.0221 0.0119 0.073 0.0517 0.0273 0.0183 0.0076 0.0058 0.1009 0.0737 0.0365 0.0242 0.0106 0.0 0.0053 0.1142 0.0968 0.0749 0.0469 0.024 0.0066 0.004 0.0052 0.1328 0.1101 0.0981 0.0541 0.0193 0.0068 0.0055 0.1323 0.1339 0.1031 0.0419 0.0159 0.0091 0.1445 0.1391 0.0826 0.0348 0.0198 0.1492 0.1252 0.0696 0.0443 0.1481 0.1119 0.0795 0.1485 0.1168 0.1488
6.000 -1.000 36 0.129 0.1149 0.096 0.0812 0.0935 0.0549 0.058 0.069 0.0593 0.0253 0.0555 0.0512 0.0463 0.0289 0.01 0.0786 0.0581 0.0355 0.026 0.013 0.003 0.107 0.079 0.0427 0.0303 0.0162 0.0053 0.0 0.1239 0.1064 0.0845 0.0542 0.0282 0.0092 0.0022 0.0009 0.1477 0.1241 0.1077 0.056 0.0183 0.0055 0.0018 0.1464 0.1422 0.0991 0.0344 0.0139 0.0047 0.1492 0.1311 0.0713 0.0314 0.0151 0.1397 0.1123 0.0655 0.0388 0.1384 0.1051 0.0789 0.142 0.1191 0.15
-7.000 0.000 42 0.0117 0.0063 0.0249 0.0048 0.0133 0.0628 0.0029 0.0145 0.0527 0.1216 0.0024 0.0206 0.0698 0.1081 0.1297 0.0024 0.0239 0.0815 0.0964 0.1031 0.112 0.0016 0.0198 0.0633 0.0867 0.0991 0.1142 0.1239 0.0 0.0102 0.0432 0.0716 0.1111 0.1395 0.1498 0.1508 0.0054 0.0324 0.0593 0.1042 0.1584 0.1751 0.1759 0.0258 0.0473 0.0707 0.1418 0.1846 0.1963 0.0335 0.0508 0.0867 0.1667 0.2068 0.0404 0.0608 0.1097 0.182 0.0612 0.0856 0.1367 0.0887 0.1216 0.1199
-5.000 0.000 36 0.0356 0.0258 0.0649 0.0223 0.0485 0.1082 0.0195 0.048 0.0888 0.1282 0.0151 0.0484 0.0887 0.0953 0.1032 0.011 0.0399 0.0786 0.0755 0.0808 0.0913 0.0084 0.0199 0.0501 0.0678 0.0811 0.0968 0.1064 0.0102 0.0 0.029 0.0551 0.0932 0.1202 0.1292 0.1293 0.0143 0.0217 0.0421 0.0886 0.1388 0.1524 0.1517 0.0316 0.0362 0.0581 0.1303 0.1664 0.1735 0.0343 0.0422 0.0812 0.1613 0.1922 0.0396 0.055 0.1112 0.1837 0.056 0.0807 0.141 0.0829 0.1178 0.1146
-3.000 0.000 30 0.0584 0.0455 0.0751 0.043 0.0545 0.0875 0.0422 0.0505 0.0595 0.0802 0.0359 0.05 0.05 0.0506 0.0665 0.0344 0.0382 0.0405 0.0399 0.0535 0.068 0.0385 0.0226 0.0196 0.0397 0.0575 0.0749 0.0845 0.0432 0.029 0.0 0.031 0.069 0.0951 0.103 0.1025 0.0464 0.0196 0.0177 0.0677 0.1113 0.1218 0.1201 0.0385 0.02 0.0449 0.1147 0.1387 0.1407 0.0245 0.0302 0.0833 0.1546 0.1676 0.0274 0.0505 0.1251 0.1834 0.0467 0.0826 0.1614 0.0773 0.1256 0.1132
-1.000 0.000 24 0.0481 0.0276 0.0604 0.0289 0.0313 0.0612 0.0397 0.0265 0.0321 0.0529 0.052 0.0364 0.0199 0.0293 0.0432 0.0611 0.0463 0.0163 0.0185 0.0326 0.0456 0.0681 0.0485 0.0199 0.0149 0.0314 0.0469 0.0542 0.0716 0.0551 0.031 0.0 0.0318 0.0559 0.0623 0.0613 0.0745 0.044 0.0307 0.0354 0.0644 0.0727 0.0713 0.0529 0.0441 0.0567 0.0793 0.0855 0.0854 0.0468 0.0619 0.0979 0.1112 0.1068 0.0612 0.0924 0.1371 0.1393 0.0866 0.132 0.1694 0.1252 0.1746 0.1689
1.000 0.000 24 0.074 0.0367 0.0763 0.0251 0.0392 0.0641 0.0307 0.0249 0.0321 0.0439 0.0523 0.0303 0.0187 0.0222 0.0305 0.0797 0.0524 0.018 0.0128 0.0193 0.0279 0.0995 0.0738 0.035 0.0135 0.0132 0.024 0.0282 0.1111 0.0932 0.069 0.0318 0.0 0.0227 0.0281 0.0274 0.1189 0.0905 0.0748 0.0297 0.023 0.0305 0.0308 0.1001 0.0967 0.0793 0.0435 0.0363 0.038 0.1047 0.1065 0.0882 0.0565 0.051 0.1169 0.1194 0.0988 0.0746 0.1355 0.135 0.1103 0.1597 0.1498 0.1791
3.000 0.000 30 0.1119 0.0653 0.0956 0.0392 0.0599 0.0642 0.0369 0.0381 0.0423 0.0334 0.0557 0.0387 0.0284 0.0212 0.0182 0.0891 0.0602 0.0288 0.0181 0.0106 0.012 0.1188 0.0896 0.0493 0.0282 0.0104 0.0066 0.0092 0.1395 0.1202 0.0951 0.0559 0.0227 0.0 0.0068 0.0078 0.1537 0.126 0.1069 0.0517 0.0134 0.0068 0.0086 0.1385 0.1334 0.0998 0.0367 0.0137 0.0126 0.1421 0.1334 0.0797 0.0327 0.0234 0.1412 0.121 0.0698 0.0451 0.1425 0.1117 0.0789 0.1472 0.116 0.1495
5.000 0.000 36 0.1327 0.0951 0.1028 0.0573 0.0799 0.0618 0.0435 0.0512 0.0515 0.0301 0.0557 0.0436 0.036 0.0253 0.0132 0.0887 0.0608 0.0326 0.022 0.0115 0.0053 0.123 0.0922 0.0523 0.0325 0.0146 0.004 0.0022 0.1498 0.1292 0.103 0.0623 0.0281 0.0068 0.0 0.0018 0.1673 0.1386 0.1154 0.0549 0.016 0.0037 0.0019 0.1508 0.1413 0.0986 0.0342 0.0128 0.0047 0.146 0.1285 0.0711 0.0325 0.0157 0.137 0.1128 0.0664 0.0418 0.1375 0.1063 0.0796 0.1424 0.1193 0.1481
7.000 0.000 42 0.1289 0.1144 0.0942 0.0746 0.0905 0.0536 0.0513 0.0626 0.057 0.0238 0.0551 0.0473 0.042 0.027 0.0103 0.085 0.0589 0.0336 0.0241 0.0128 0.0037 0.1205 0.0891 0.0503 0.0322 0.0155 0.0052 0.0009 0.1508 0.1293 0.1025 0.0613 0.0274 0.0078 0.0018 0.0 0.1701 0.1405 0.1147 0.0526 0.016 0.0045 0.0007 0.1515 0.1398 0.0944 0.0337 0.0135 0.0033 0.1425 0.1247 0.0708 0.0335 0.014 0.1367 0.114 0.0694 0.0413 0.1414 0.1102 0.0888 0.1491 0.1351 0.1682
-6.000 1.000 36 0.0442 0.0357 0.0805 0.0318 0.0665 0.1295 0.0271 0.0658 0.1103 0.1374 0.022 0.0668 0.1058 0.1031 0.1127 0.0167 0.055 0.0933 0.0881 0.101 0.1198 0.0102 0.0338 0.0632 0.0858 0.1088 0.1328 0.1477 0.0054 0.0143 0.0464 0.0745 0.1189 0.1537 0.1673 0.1701 0.0 0.0316 0.0545 0.097 0.1576 0.1783 0.1824 0.0189 0.0354 0.0559 0.1249 0.1711 0.187 0.0224 0.0351 0.0687 0.1425 0.1841 0.0298 0.0442 0.0885 0.1556 0.0479 0.0707 0.1177 0.0761 0.1091 0.1062
-4.000 1.000 30 0.0721 0.0591 0.0933 0.0553 0.0735 0.1051 0.0492 0.071 0.0778 0.0956 0.0418 0.0671 0.0692 0.0683 0.0877 0.036 0.0517 0.0584 0.0603 0.0796 0.1001 0.0317 0.029 0.0371 0.0598 0.0853 0.1101 0.1241 0.0324 0.0217 0.0196 0.044 0.0905 0.126 0.1386 0.1405 0.0316 0.0 0.02 0.0699 0.1303 0.1492 0.1521 0.0166 0.0105 0.0331 0.1057 0.1477 0.1608 0.0094 0.018 0.0564 0.1312 0.1668 0.0166 0.0331 0.0847 0.1535 0.0359 0.059 0.1155 0.0625 0.0974 0.0955
-2.000 1.000 24 0.0705 0.0563 0.0802 0.0567 0.0581 0.087 0.0599 0.056 0.0572 0.0833 0.0552 0.0628 0.0494 0.0592 0.0805 0.0527 0.0508 0.0444 0.0525 0.073 0.092 0.0548 0.0376 0.031 0.05 0.0756 0.0981 0.1077 0.0593 0.0421 0.0177 0.0307 0.0748 0.1069 0.1154 0.1147 0.0545 0.02 0.0 0.0567 0.1096 0.1228 0.1231 0.0246 0.0131 0.0286 0.0965 0.1269 0.1345 0.0174 0.0224 0.0665 0.1288 0.1494 0.0252 0.0434 0.1063 0.1596 0.0424 0.0772 0.143 0.0745 0.1188 0.1103
0.000 1.000 18 0.0686 0.0426 0.08 0.0431 0.0448 0.0786 0.0591 0.0403 0.0462 0.061 0.0818 0.0559 0.0323 0.043 0.0529 0.0964 0.0774 0.0371 0.0338 0.0459 0.0546 0.1007 0.0823 0.0545 0.0318 0.0416 0.0541 0.056 0.1042 0.0886 0.0677 0.0354 0.0297 0.0517 0.0549 0.0526 0.097 0.0699 0.0567 0.0 0.0435 0.0539 0.0546 0.0689 0.0649 0.0457 0.0405 0.0564 0.0628 0.0658 0.0664 0.0651 0.0701 0.0764 0.073 0.0812 0.0947 0.0972 0.0905 0.1086 0.1215 0.1207 0.1404 0.1522
2.000 1.000 24 0.1003 0.0578 0.096 0.045 0.0596 0.0723 0.0543 0.045 0.0485 0.0469 0.0841 0.0545 0.0381 0.0316 0.0315 0.1212 0.0826 0.0429 0.0303 0.0244 0.0238 0.143 0.1144 0.0705 0.0389 0.0227 0.0193 0.0183 0.1584 0.1388 0.1113 0.0644 0.023 0.0134 0.016 0.016 0.1576 0.1303 0.1096 0.0435 0.0 0.0137 0.0176 0.1294 0.1233 0.0877 0.0245 0.0136 0.0221 0.1222 0.1117 0.0685 0.0286 0.0304 0.1228 0.1044 0.0659 0.0484 0.1282 0.1043 0.0787 0.1391 0.1143 0.1438
4.000 1.000 30 0.1229 0.076 0.1017 0.0489 0.0689 0.0666 0.0498 0.0475 0.0477 0.0346 0.0757 0.052 0.0369 0.0264 0.0175 0.1185 0.079 0.0431 0.0266 0.0144 0.0094 0.1508 0.1174 0.0713 0.0413 0.018 0.0068 0.0055 0.1751 0.1524 0.1218 0.0727 0.0305 0.0068 0.0037 0.0045 0.1783 0.1492 0.1228 0.0539 0.0137 0.0 0.0047 0.149 0.1397 0.0968 0.0323 0.0098 0.0064 0.1374 0.1219 0.0724 0.0304 0.0161 0.1345 0.1126 0.0656 0.0411 0.1364 0.1052 0.0781 0.1407 0.1167 0.1452
6.000 1.000 36 0.1341 0.0973 0.1014 0.0581 0.0798 0.0602 0.0456 0.0508 0.0515 0.0283 0.0647 0.0468 0.0365 0.0252 0.0131 0.1074 0.07 0.0381 0.0242 0.0128 0.0053 0.1458 0.1106 0.0654 0.0384 0.0168 0.0055 0.0018 0.1759 0.1517 0.1201 0.0713 0.0308 0.0086 0.0019 0.0007 0.1824 0.1521 0.1231 0.0546 0.0176 0.0047 0.0 0.1537 0.1432 0.0984 0.0372 0.0149 0.0031 0.1428 0.1276 0.0786 0.0375 0.0151 0.1433 0.1201 0.0738 0.046 0.147 0.1149 0.0929 0.153 0.139 0.1685
-5.000 2.000 30 0.0917 0.079 0.1146 0.0738 0.0972 0.1235 0.0647 0.0944 0.099 0.1105 0.0559 0.0921 0.0903 0.0863 0.1064 0.0464 0.0728 0.0795 0.0782 0.0991 0.123 0.034 0.0486 0.0565 0.0766 0.1038 0.1323 0.1464 0.0258 0.0316 0.0385 0.0529 0.1001 0.1385 0.1508 0.1515 0.0189 0.0166 0.0246 0.0689 0.1294 0.149 0.1537 0.0 0.0094 0.0266 0.0923 0.14 0.1579 0.0043 0.0142 0.0431 0.1114 0.1528 0.0152 0.0304 0.0701 0.1287 0.0383 0.0596 0.1028 0.0673 0.0998 0.0976
-3.000 2.000 24 0.0828 0.0698 0.0966 0.0673 0.0746 0.1054 0.0686 0.0709 0.0764 0.1063 0.0583 0.0713 0.0671 0.0828 0.1102 0.0539 0.0556 0.0571 0.0757 0.1041 0.1284 0.0501 0.0393 0.0378 0.0685 0.1069 0.1339 0.1422 0.0473 0.0362 0.02 0.0441 0.0967 0.1334 0.1413 0.1398 0.0354 0.0105 0.0131 0.0649 0.1233 0.1397 0.1432 0.0094 0.0 0.0224 0.0924 0.1358 0.1511 0.0059 0.0099 0.044 0.1137 0.1512 0.013 0.0263 0.0733 0.1336 0.0317 0.0549 0.1053 0.06 0.093 0.093
-1.000 2.000 18 0.0985 0.0775 0.1123 0.084 0.0829 0.1124 0.0929 0.0804 0.0855 0.105 0.0853 0.092 0.0744 0.0838 0.1009 0.0805 0.0832 0.0745 0.0781 0.0936 0.1043 0.0754 0.0621 0.0667 0.0747 0.0915 0.1031 0.0991 0.0707 0.0581 0.0449 0.0567 0.0793 0.0998 0.0986 0.0944 0.0559 0.0331 0.0286 0.0457 0.0877 0.0968 0.0984 0.0266 0.0224 0.0 0.0651 0.0966 0.1074 0.0244 0.0189 0.0368 0.0917 0.1174 0.0288 0.032 0.0753 0.119 0.0424 0.0632 0.1101 0.07 0.1021 0.1032
1.000 2.000 18 0.1067 0.0741 0.1099 0.073 0.0767 0.0973 0.0946 0.0701 0.0697 0.0741 0.128 0.0897 0.0622 0.0589 0.0553 0.1464 0.1197 0.0711 0.0569 0.0511 0.0442 0.1475 0.1291 0.1 0.0628 0.0497 0.0419 0.0344 0.1418 0.1303 0.1147 0.0793 0.0435 0.0367 0.0342 0.0337 0.1249 0.1057 0.0965 0.0405 0.0245 0.0323 0.0372 0.0923 0.0924 0.0651 0.0 0.0286 0.0429 0.0854 0.0779 0.0427 0.0301 0.0496 0.0848 0.0734 0.054 0.059 0.0932 0.0827 0.0775 0.11 0.103 0.1257
3.000 2.000 24 0.1175 0.0741 0.1064 0.0607 0.0719 0.0764 0.0736 0.06 0.0572 0.0446 0.111 0.0735 0.0502 0.037 0.0275 0.1546 0.1094 0.0616 0.0402 0.0248 0.0182 0.1793 0.146 0.098 0.0551 0.0285 0.0159 0.0139 0.1846 0.1664 0.1387 0.0855 0.0363 0.0137 0.0128 0.0135 0.1711 0.1477 0.1269 0.0564 0.0136 0.0098 0.0149 0.14 0.1358 0.0966 0.0286 0.0 0.0161 0.1286 0.1162 0.068 0.0214 0.0179 0.124 0.1017 0.0567 0.0351 0.1276 0.0939 0.068 0.1303 0.1032 0.1333
5.000 2.000 30 0.1279 0.0831 0.1035 0.0558 0.0733 0.0651 0.0588 0.0529 0.051 0.0345 0.0918 0.0613 0.0422 0.0281 0.0174 0.1413 0.0951 0.0528 0.0324 0.017 0.0086 0.1791 0.1394 0.0888 0.0518 0.0234 0.0091 0.0047 0.1963 0.1735 0.1407 0.0854 0.038 0.0126 0.0047 0.0033 0.187 0.1608 0.1345 0.0628 0.0221 0.0064 0.0031 0.1579 0.1511 0.1074 0.0429 0.0161 0.0 0.1486 0.135 0.0851 0.0396 0.0135 0.1464 0.1219 0.0762 0.0457 0.1505 0.1174 0.0926 0.1549 0.1391 0.1669
-4.000 3.000 24 0.0904 0.0797 0.1018 0.0752 0.0815 0.1081 0.0722 0.0807 0.081 0.1124 0.0628 0.0775 0.0713 0.0893 0.1232 0.0565 0.0636 0.0621 0.0811 0.1151 0.1422 0.0447 0.0448 0.0411 0.076 0.1154 0.1445 0.1492 0.0335 0.0343 0.0245 0.0468 0.1047 0.1421 0.146 0.1425 0.0224 0.0094 0.0174 0.0658 0.1222 0.1374 0.1428 0.0043 0.0059 0.0244 0.0854 0.1286 0.1486 0.0 0.013 0.0401 0.1049 0.146 0.013 0.0311 0.07 0.1246 0.0361 0.0622 0.1055 0.0648 0.1015 0.0951
-2.000 3.000 18 0.1089 0.0912 0.126 0.0911 0.0976 0.1374 0.0833 0.0912 0.1059 0.1366 0.0688 0.0929 0.0912 0.1146 0.1374 0.0697 0.0663 0.0816 0.1062 0.13 0.1415 0.0601 0.0468 0.0579 0.0932 0.127 0.1391 0.1311 0.0508 0.0422 0.0302 0.0619 0.1065 0.1334 0.1285 0.1247 0.0351 0.018 0.0224 0.0664 0.1117 0.1219 0.1276 0.0142 0.0099 0.0189 0.0779 0.1162 0.135 0.013 0.0 0.032 0.0968 0.1348 0.0138 0.0172 0.0603 0.1152 0.0265 0.0466 0.0924 0.0538 0.0839 0.0836
0.000 3.000 12 0.1355 0.1133 0.1462 0.121 0.1144 0.1408 0.1364 0.1151 0.1132 0.1175 0.1336 0.1337 0.1053 0.1053 0.1005 0.1177 0.1283 0.1133 0.1023 0.0968 0.0847 0.1014 0.0976 0.1148 0.1068 0.0969 0.0826 0.0713 0.0867 0.0812 0.0833 0.0979 0.0882 0.0797 0.0711 0.0708 0.0687 0.0564 0.0665 0.0651 0.0685 0.0724 0.0786 0.0431 0.044 0.0368 0.0427 0.068 0.0851 0.0401 0.032 0.0 0.054 0.0857 0.0418 0.0274 0.0373 0.0784 0.0489 0.0442 0.0718 0.0672 0.0767 0.0902
2.000 3.000 18 0.1278 0.0928 0.1236 0.0931 0.093 0.0973 0.1202 0.0894 0.0801 0.0676 0.1645 0.1142 0.078 0.0597 0.0477 0.1867 0.1556 0.0953 0.0667 0.0461 0.0349 0.1819 0.1686 0.1369 0.0827 0.051 0.0348 0.0314 0.1667 0.1613 0.1546 0.1112 0.0565 0.0327 0.0325 0.0335 0.1425 0.1312 0.1288 0.0701 0.0286 0.0304 0.0375 0.1114 0.1137 0.0917 0.0301 0.0214 0.0396 0.1049 0.0968 0.054 0.0 0.0351 0.1008 0.0783 0.0342 0.0307 0.1002 0.0693 0.0486 0.1026 0.0794 0.1045
4.000 3.000 24 0.1286 0.0851 0.1117 0.0726 0.0809 0.0794 0.0874 0.0705 0.0624 0.0467 0.1354 0.0884 0.0599 0.0427 0.0282 0.1835 0.1318 0.0764 0.0497 0.0296 0.0195 0.2064 0.1736 0.1201 0.0709 0.0377 0.0198 0.0151 0.2068 0.1922 0.1676 0.1068 0.051 0.0234 0.0157 0.014 0.1841 0.1668 0.1494 0.0764 0.0304 0.0161 0.0151 0.1528 0.1512 0.1174 0.0496 0.0179 0.0135 0.146 0.1348 0.0857 0.0351 0.0 0.1414 0.1159 0.0685 0.0326 0.1405 0.1059 0.0781 0.143 0.1192 0.1478
-3.000 4.000 18 0.1011 0.0855 0.1204 0.0792 0.0938 0.1369 0.0755 0.086 0.1042 0.1431 0.0652 0.0834 0.0898 0.1192 0.1509 0.0616 0.0598 0.0757 0.1083 0.1402 0.1566 0.0519 0.0458 0.0506 0.0978 0.1351 0.1492 0.1397 0.0404 0.0396 0.0274 0.0612 0.1169 0.1412 0.137 0.1367 0.0298 0.0166 0.0252 0.073 0.1228 0.1345 0.1433 0.0152 0.013 0.0288 0.0848 0.124 0.1464 0.013 0.0138 0.0418 0.1008 0.1414 0.0 0.0265 0.0682 0.1221 0.0219 0.0554 0.1031 0.0501 0.0908 0.0767
-1.000 4.000 12 0.1513 0.1269 0.1672 0.1251 0.1349 0.1706 0.1161 0.1293 0.1398 0.1587 0.0937 0.1262 0.1263 0.1414 0.1446 0.0843 0.0936 0.1202 0.1315 0.1402 0.1272 0.0724 0.0635 0.0902 0.1245 0.1385 0.1252 0.1123 0.0608 0.055 0.0505 0.0924 0.1194 0.121 0.1128 0.114 0.0442 0.0331 0.0434 0.0812 0.1044 0.1126 0.1201 0.0304 0.0263 0.032 0.0734 0.1017 0.1219 0.0311 0.0172 0.0274 0.0783 0.1159 0.0265 0.0 0.0442 0.0961 0.0244 0.0294 0.0746 0.0426 0.0654 0.0676
1.000 4.000 12 0.1641 0.1391 0.1643 0.1511 0.1378 0.1448 0.1775 0.1405 0.1262 0.1127 0.1831 0.1704 0.127 0.1067 0.0853 0.1588 0.177 0.144 0.1154 0.0878 0.0697 0.1321 0.1393 0.1631 0.1291 0.0948 0.0696 0.0655 0.1097 0.1112 0.1251 0.1371 0.0988 0.0698 0.0664 0.0694 0.0885 0.0847 0.1063 0.0947 0.0659 0.0656 0.0738 0.0701 0.0733 0.0753 0.054 0.0567 0.0762 0.07 0.0603 0.0373 0.0342 0.0685 0.0682 0.0442 0.0 0.0486 0.0665 0.0338 0.0359 0.0669 0.0504 0.0715
3.000 4.000 18 0.1429 0.1079 0.1347 0.1085 0.1046 0.1039 0.1375 0.1041 0.0904 0.0701 0.197 0.1332 0.0908 0.0682 0.053 0.2254 0.1839 0.1142 0.0788 0.0534 0.0442 0.2068 0.1995 0.1643 0.1022 0.0624 0.0443 0.0388 0.182 0.1837 0.1834 0.1393 0.0746 0.0451 0.0418 0.0413 0.1556 0.1535 0.1596 0.0972 0.0484 0.0411 0.046 0.1287 0.1336 0.119 0.059 0.0351 0.0457 0.1246 0.1152 0.0784 0.0307 0.0326 0.1221 0.0961 0.0486 0.0 0.1191 0.0804 0.0431 0.1127 0.0815 0.1046
-2.000 5.000 12 0.1397 0.115 0.1617 0.1118 0.1291 0.1759 0.0972 0.1169 0.1419 0.1736 0.0822 0.1111 0.1239 0.1524 0.1679 0.0839 0.0792 0.1086 0.1415 0.1598 0.1524 0.0706 0.0622 0.076 0.1258 0.1548 0.1481 0.1384 0.0612 0.056 0.0467 0.0866 0.1355 0.1425 0.1375 0.1414 0.0479 0.0359 0.0424 0.0905 0.1282 0.1364 0.147 0.0383 0.0317 0.0424 0.0932 0.1276 0.1505 0.0361 0.0265 0.0489 0.1002 0.1405 0.0219 0.0244 0.0665 0.1191 0.0 0.0426 0.0942 0.0282 0.0709 0.0528
0.000 5.000 6 0.191 0.1665 0.2012 0.1685 0.1703 0.1906 0.1613 0.1674 0.1673 0.1604 0.1324 0.1715 0.1607 0.153 0.1322 0.1125 0.1337 0.1603 0.1552 0.1346 0.1112 0.0974 0.0937 0.1351 0.1587 0.1386 0.1119 0.1051 0.0856 0.0807 0.0826 0.132 0.135 0.1117 0.1063 0.1102 0.0707 0.059 0.0772 0.1086 0.1043 0.1052 0.1149 0.0596 0.0549 0.0632 0.0827 0.0939 0.1174 0.0622 0.0466 0.0442 0.0693 0.1059 0.0554 0.0294 0.0338 0.0804 0.0426 0.0 0.0504 0.0325 0.0337 0.041
2.000 5.000 12 0.1781 0.1522 0.1717 0.1659 0.1482 0.142 0.2039 0.1557 0.1316 0.1092 0.2289 0.1922 0.138 0.1069 0.0889 0.2006 0.2149 0.1656 0.1213 0.0899 0.0783 0.1599 0.176 0.1972 0.1447 0.0992 0.0795 0.0789 0.1367 0.141 0.1614 0.1694 0.1103 0.0789 0.0796 0.0888 0.1177 0.1155 0.143 0.1215 0.0787 0.0781 0.0929 0.1028 0.1053 0.1101 0.0775 0.068 0.0926 0.1055 0.0924 0.0718 0.0486 0.0781 0.1031 0.0746 0.0359 0.0431 0.0942 0.0504 0.0 0.0754 0.0364 0.0582
-1.000 6.000 6 0.1928 0.1638 0.2129 0.1563 0.1765 0.2148 0.1374 0.1659 0.1852 0.1963 0.1152 0.1542 0.1687 0.1834 0.1711 0.1098 0.1143 0.1554 0.1765 0.1715 0.1485 0.0974 0.0891 0.1168 0.1667 0.1736 0.1485 0.142 0.0887 0.0829 0.0773 0.1252 0.1597 0.1472 0.1424 0.1491 0.0761 0.0625 0.0745 0.1207 0.1391 0.1407 0.153 0.0673 0.06 0.07 0.11 0.1303 0.1549 0.0648 0.0538 0.0672 0.1026 0.143 0.0501 0.0426 0.0669 0.1127 0.0282 0.0325 0.0754 0.0 0.041 0.0217
1.000 6.000 6 0.2188 0.1969 0.2171 0.2093 0.1941 0.1924 0.2147 0.199 0.1799 0.1553 0.1832 0.2182 0.1839 0.1549 0.1278 0.1548 0.1864 0.1975 0.1691 0.1317 0.1169 0.1304 0.1351 0.1866 0.1837 0.1423 0.1168 0.1191 0.1216 0.1178 0.1256 0.1746 0.1498 0.116 0.1193 0.1351 0.1091 0.0974 0.1188 0.1404 0.1143 0.1167 0.139 0.0998 0.093 0.1021 0.103 0.1032 0.1391 0.1015 0.0839 0.0767 0.0794 0.1192 0.0908 0.0654 0.0504 0.0815 0.0709 0.0337 0.0364 0.041 0.0 0.0214
0.000 7.000 0 0.2401 0.213 0.25 0.2078 0.2195 0.2343 0.1852 0.2129 0.2154 0.1976 0.1547 0.2048 0.2094 0.1953 0.1652 0.1427 0.1558 0.2023 0.2024 0.1708 0.1481 0.1259 0.1239 0.1634 0.2053 0.1785 0.1488 0.15 0.1199 0.1146 0.1132 0.1689 0.1791 0.1495 0.1481 0.1682 0.1062 0.0955 0.1103 0.1522 0.1438 0.1452 0.1685 0.0976 0.093 0.1032 0.1257 0.1333 0.1669 0.0951 0.0836 0.0902 0.1045 0.1478 0.0767 0.0676 0.0715 0.1046 0.0528 0.041 0.0582 0.0217 0.0214 0.0