n 64
m 4
tmax 11.2
0.000 -7.000 0 0.0 0.0 0.0 0.0002 0.0 0.0002 0.0011 0.0001 0.0006 0.0068 0.0055 0.001 0.0013 0.0126 0.0384 0.0243 0.0061 0.0027 0.0142 0.052 0.083 0.0576 0.0303 0.0111 0.0103 0.0461 0.1005 0.0864 0.0826 0.0725 0.0431 0.0169 0.0258 0.0985 0.1108 0.0859 0.1096 0.094 0.0588 0.0223 0.0638 0.1346 0.1081 0.1299 0.1129 0.0481 0.037 0.1128 0.1356 0.1546 0.0926 0.0357 0.0667 0.1414 0.1395 0.0585 0.0418 0.1101 0.0959 0.044 0.0742 0.0672 0.063 0.0739
-1.000 -6.000 6 0.0 0.0 0.0 0.0002 0.0 0.0004 0.0013 0.0002 0.0008 0.0093 0.0071 0.0012 0.0012 0.0132 0.0469 0.0258 0.0084 0.0026 0.011 0.0514 0.0962 0.06 0.0322 0.0124 0.0083 0.0337 0.101 0.1022 0.0841 0.0753 0.0499 0.0187 0.0177 0.0788 0.1167 0.1033 0.113 0.0965 0.0657 0.0227 0.0424 0.1167 0.1188 0.1319 0.1194 0.0584 0.028 0.079 0.1284 0.1589 0.1084 0.0401 0.0441 0.1057 0.1531 0.0755 0.0351 0.0732 0.1185 0.0526 0.0522 0.0878 0.0594 0.0852
1.000 -6.000 6 0.0 0.0 0.0 0.0001 0.0001 0.0005 0.0009 0.0004 0.0013 0.0087 0.0056 0.0014 0.0036 0.0158 0.0459 0.0268 0.0069 0.0052 0.0211 0.0596 0.0885 0.0647 0.0322 0.0117 0.0172 0.0579 0.1063 0.0899 0.0954 0.0761 0.0465 0.0211 0.0402 0.1108 0.1131 0.0866 0.1156 0.1002 0.0547 0.0313 0.086 0.1431 0.1062 0.1379 0.1087 0.0472 0.0567 0.1336 0.1376 0.1531 0.0815 0.0444 0.0956 0.1581 0.1208 0.0538 0.0641 0.1413 0.0793 0.0541 0.1072 0.063 0.0872 0.0888
-2.000 -5.000 12 0.0002 0.0002 0.0001 0.0 0.0002 0.0009 0.0014 0.0004 0.0012 0.0134 0.0081 0.0018 0.0016 0.0141 0.0602 0.0298 0.0102 0.0042 0.0091 0.0486 0.108 0.0632 0.0382 0.0156 0.0093 0.0243 0.0945 0.1112 0.087 0.0795 0.055 0.0269 0.0151 0.059 0.1103 0.1086 0.1164 0.0997 0.0782 0.0309 0.0312 0.0918 0.1128 0.1357 0.1286 0.0778 0.0314 0.0563 0.1023 0.1635 0.1316 0.0581 0.0376 0.0764 0.1702 0.1037 0.0467 0.0562 0.1491 0.0793 0.0539 0.1226 0.0776 0.1178
0.000 -5.000 6 0.0 0.0 0.0001 0.0002 0.0 0.0013 0.0012 0.0003 0.0014 0.0137 0.0077 0.0015 0.0023 0.0163 0.0582 0.0293 0.0089 0.0041 0.0148 0.0586 0.106 0.0689 0.0341 0.0134 0.0118 0.0418 0.1075 0.109 0.0991 0.079 0.048 0.0193 0.0243 0.0894 0.1214 0.1066 0.1194 0.1024 0.0605 0.024 0.055 0.1262 0.1195 0.1407 0.1143 0.0491 0.0352 0.0955 0.1324 0.1579 0.0895 0.0371 0.0573 0.1213 0.1332 0.0579 0.0403 0.0921 0.0905 0.0453 0.0664 0.0664 0.0625 0.0759
2.000 -5.000 12 0.0002 0.0004 0.0005 0.0009 0.0013 0.0 0.0026 0.0032 0.005 0.0112 0.01 0.0061 0.0124 0.0228 0.0511 0.0334 0.0135 0.0166 0.037 0.0669 0.0868 0.0762 0.0427 0.0244 0.0357 0.0783 0.105 0.0918 0.1108 0.0913 0.0609 0.0382 0.0663 0.1255 0.1128 0.0864 0.1355 0.1174 0.0673 0.0559 0.12 0.1413 0.1028 0.1584 0.1152 0.0639 0.0924 0.1578 0.1336 0.1572 0.0865 0.0739 0.1385 0.1628 0.1152 0.0731 0.1069 0.1745 0.0848 0.0901 0.1567 0.088 0.1376 0.1343
-3.000 -4.000 18 0.0011 0.0013 0.0009 0.0014 0.0012 0.0026 0.0 0.0018 0.0027 0.0191 0.008 0.0038 0.0041 0.0163 0.07 0.0312 0.0131 0.009 0.0111 0.0485 0.1096 0.0637 0.042 0.0252 0.0168 0.0216 0.0855 0.1092 0.0881 0.0816 0.0638 0.0439 0.0238 0.0496 0.0993 0.103 0.118 0.1041 0.0994 0.0543 0.0364 0.078 0.0973 0.139 0.1396 0.1096 0.0538 0.0552 0.0858 0.1679 0.1548 0.0986 0.0551 0.0706 0.1859 0.1423 0.0844 0.0666 0.1758 0.128 0.0869 0.164 0.1258 0.1674
-1.000 -4.000 12 0.0001 0.0002 0.0004 0.0004 0.0003 0.0032 0.0018 0.0 0.0023 0.0218 0.0098 0.0016 0.0017 0.0175 0.0721 0.0356 0.0102 0.0036 0.0102 0.0542 0.1116 0.0752 0.0397 0.0148 0.0089 0.0273 0.0974 0.1152 0.1054 0.0835 0.0554 0.022 0.0159 0.0621 0.1116 0.1098 0.1236 0.1062 0.069 0.0256 0.0341 0.0948 0.1103 0.1433 0.1213 0.0622 0.0283 0.0611 0.1022 0.1646 0.1075 0.0442 0.0386 0.0812 0.1488 0.0779 0.0375 0.0601 0.1153 0.0573 0.0504 0.0897 0.0639 0.0907
1.000 -4.000 12 0.0006 0.0008 0.0013 0.0012 0.0014 0.005 0.0027 0.0023 0.0 0.0228 0.0112 0.0048 0.0064 0.0183 0.0688 0.039 0.0141 0.0101 0.0212 0.0615 0.1055 0.0812 0.0431 0.02 0.0194 0.0503 0.1044 0.1108 0.1166 0.0932 0.0561 0.0252 0.0364 0.0974 0.1207 0.1052 0.1381 0.114 0.0572 0.0319 0.0729 0.1323 0.1163 0.1559 0.1086 0.0471 0.0511 0.1116 0.1334 0.1518 0.0762 0.0431 0.0803 0.1357 0.1094 0.0515 0.0573 0.1173 0.0716 0.0521 0.0921 0.0609 0.0807 0.0878
3.000 -4.000 18 0.0068 0.0093 0.0087 0.0134 0.0137 0.0112 0.0191 0.0218 0.0228 0.0 0.0328 0.0315 0.0396 0.0316 0.0391 0.0658 0.0456 0.0486 0.0596 0.0605 0.0674 0.1126 0.0787 0.0572 0.0652 0.0878 0.0848 0.0634 0.1551 0.1344 0.0954 0.0682 0.0934 0.1174 0.0791 0.0579 0.1837 0.1529 0.0937 0.0894 0.1346 0.1136 0.069 0.1919 0.1347 0.0927 0.126 0.1482 0.0937 0.1683 0.107 0.1131 0.1539 0.1313 0.1248 0.1072 0.143 0.1651 0.1116 0.1331 0.1756 0.1303 0.1769 0.1822
-4.000 -3.000 24 0.0055 0.0071 0.0056 0.0081 0.0077 0.01 0.008 0.0098 0.0112 0.0328 0.0 0.0131 0.0143 0.025 0.0823 0.0237 0.0183 0.0239 0.0244 0.0545 0.1163 0.0543 0.0404 0.0426 0.0393 0.0378 0.0907 0.1099 0.0738 0.0736 0.0735 0.0759 0.0535 0.0637 0.1054 0.1062 0.1037 0.1007 0.1213 0.0997 0.0692 0.0933 0.1048 0.132 0.1369 0.1526 0.1051 0.0878 0.101 0.1632 0.1651 0.1511 0.1079 0.1032 0.1823 0.1739 0.1448 0.119 0.1821 0.1713 0.1511 0.1857 0.1803 0.2
-2.000 -3.000 18 0.001 0.0012 0.0014 0.0018 0.0015 0.0061 0.0038 0.0016 0.0048 0.0315 0.0131 0.0 0.0036 0.0187 0.0801 0.0409 0.0104 0.0055 0.0104 0.048 0.1108 0.0794 0.042 0.0181 0.0132 0.0217 0.0827 0.1026 0.111 0.0845 0.0597 0.0339 0.0201 0.0476 0.0964 0.0985 0.126 0.1048 0.0851 0.0413 0.033 0.0758 0.0933 0.1436 0.1306 0.0875 0.0428 0.0521 0.0812 0.1665 0.1345 0.0718 0.0456 0.0676 0.1675 0.1117 0.0625 0.0598 0.1491 0.0933 0.0682 0.1289 0.0952 0.131
0.000 -3.000 12 0.0013 0.0012 0.0036 0.0016 0.0023 0.0124 0.0041 0.0017 0.0064 0.0396 0.0143 0.0036 0.0 0.0212 0.0859 0.0452 0.0142 0.0042 0.0091 0.054 0.1132 0.0894 0.0491 0.0162 0.0079 0.0267 0.0914 0.1057 0.1263 0.0989 0.0594 0.0184 0.0157 0.0629 0.1078 0.1035 0.1435 0.1152 0.0587 0.0202 0.0373 0.0947 0.1047 0.1563 0.1107 0.0446 0.027 0.0656 0.1004 0.1538 0.0792 0.0324 0.041 0.0851 0.1173 0.051 0.0328 0.0658 0.0777 0.0403 0.0529 0.0594 0.0564 0.0719
2.000 -3.000 18 0.0126 0.0132 0.0158 0.0141 0.0163 0.0228 0.0163 0.0175 0.0183 0.0316 0.025 0.0187 0.0212 0.0 0.0605 0.0581 0.0297 0.0236 0.0236 0.041 0.0821 0.1073 0.067 0.0328 0.0278 0.045 0.0787 0.0758 0.1477 0.1184 0.0676 0.0333 0.0443 0.0855 0.0853 0.0706 0.1663 0.1258 0.0576 0.0419 0.0814 0.1054 0.0817 0.1663 0.1006 0.0476 0.0668 0.111 0.1027 0.1372 0.0664 0.0564 0.0963 0.1203 0.0887 0.0547 0.0783 0.1258 0.0645 0.0708 0.1138 0.0701 0.1081 0.1152
4.000 -3.000 24 0.0384 0.0469 0.0459 0.0602 0.0582 0.0511 0.07 0.0721 0.0688 0.0391 0.0823 0.0801 0.0859 0.0605 0.0 0.1167 0.091 0.0879 0.0861 0.0409 0.02 0.1686 0.1283 0.0939 0.0912 0.0825 0.0346 0.0159 0.212 0.1809 0.1269 0.0944 0.104 0.0719 0.0248 0.0126 0.2281 0.1811 0.1165 0.11 0.1088 0.0498 0.0177 0.2171 0.1504 0.1147 0.1231 0.0867 0.0313 0.1752 0.1253 0.122 0.112 0.0583 0.1369 0.1226 0.1225 0.099 0.1274 0.1297 0.1287 0.1386 0.1476 0.1743
-5.000 -2.000 30 0.0243 0.0258 0.0268 0.0298 0.0293 0.0334 0.0312 0.0356 0.039 0.0658 0.0237 0.0409 0.0452 0.0581 0.1167 0.0 0.0404 0.0586 0.0609 0.0848 0.1456 0.0272 0.0346 0.0728 0.0854 0.0819 0.1284 0.1447 0.0447 0.0483 0.0767 0.1197 0.1104 0.1176 0.1496 0.1466 0.0711 0.0811 0.129 0.1551 0.1334 0.1489 0.154 0.1069 0.1187 0.1654 0.1641 0.1534 0.1604 0.147 0.1512 0.1708 0.1673 0.1709 0.1675 0.1603 0.1703 0.1779 0.1692 0.1642 0.1805 0.1699 0.1776 0.1861
-3.000 -2.000 24 0.0061 0.0084 0.0069 0.0102 0.0089 0.0135 0.0131 0.0102 0.0141 0.0456 0.0183 0.0104 0.0142 0.0297 0.091 0.0404 0.0 0.0181 0.0223 0.0513 0.1135 0.0735 0.0321 0.0256 0.033 0.0349 0.0878 0.1056 0.0978 0.072 0.0559 0.0584 0.0461 0.0634 0.1011 0.1013 0.1097 0.0904 0.0982 0.078 0.0603 0.088 0.1 0.1256 0.1251 0.119 0.0846 0.0772 0.0941 0.1519 0.1431 0.1195 0.0866 0.0923 0.1661 0.1403 0.1121 0.0987 0.1589 0.1369 0.1191 0.1551 0.1442 0.1673
-1.000 -2.000 18 0.0027 0.0026 0.0052 0.0042 0.0041 0.0166 0.009 0.0036 0.0101 0.0486 0.0239 0.0055 0.0042 0.0236 0.0879 0.0586 0.0181 0.0 0.0079 0.0445 0.1067 0.1029 0.0564 0.0151 0.0072 0.0178 0.0777 0.0948 0.1356 0.1044 0.0615 0.0213 0.0139 0.0457 0.0872 0.088 0.1503 0.1134 0.0658 0.0265 0.0281 0.071 0.0863 0.1576 0.114 0.0601 0.0285 0.0464 0.0752 0.1593 0.0963 0.0451 0.0342 0.0619 0.1308 0.0727 0.0393 0.0506 0.1012 0.0576 0.0498 0.0833 0.067 0.091
1.000 -2.000 18 0.0142 0.011 0.0211 0.0091 0.0148 0.037 0.0111 0.0102 0.0212 0.0596 0.0244 0.0104 0.0091 0.0236 0.0861 0.0609 0.0223 0.0079 0.0 0.045 0.0997 0.1134 0.0648 0.0196 0.0065 0.019 0.0778 0.087 0.1541 0.1191 0.0642 0.0158 0.0143 0.0559 0.087 0.0813 0.1661 0.1189 0.0485 0.0174 0.0391 0.0822 0.0884 0.1577 0.0903 0.0318 0.0297 0.0657 0.0901 0.1269 0.0545 0.0273 0.0474 0.0848 0.0792 0.0348 0.0362 0.0744 0.05 0.0366 0.062 0.0458 0.0612 0.0744
3.000 -2.000 24 0.052 0.0514 0.0596 0.0486 0.0586 0.0669 0.0485 0.0542 0.0615 0.0605 0.0545 0.048 0.054 0.041 0.0409 0.0848 0.0513 0.0445 0.045 0.0 0.0346 0.1407 0.0929 0.0506 0.0458 0.0391 0.0313 0.0265 0.1863 0.1496 0.0921 0.0511 0.0577 0.0526 0.0356 0.0233 0.1915 0.1385 0.0699 0.0622 0.0754 0.0574 0.0319 0.1732 0.1043 0.0661 0.0796 0.0804 0.0491 0.1316 0.0777 0.0752 0.0894 0.0737 0.0917 0.0752 0.0892 0.0983 0.0816 0.0886 0.1114 0.0944 0.1216 0.1366
5.000 -2.000 30 0.083 0.0962 0.0885 0.108 0.106 0.0868 0.1096 0.1116 0.1055 0.0674 0.1163 0.1108 0.1132 0.0821 0.02 0.1456 0.1135 0.1067 0.0997 0.0346 0.0 0.1983 0.1489 0.105 0.0967 0.0666 0.0091 0.001 0.2438 0.2033 0.1411 0.0981 0.0884 0.034 0.0039 0.0007 0.2445 0.1866 0.1171 0.0987 0.0658 0.0155 0.002 0.2137 0.1421 0.101 0.0835 0.0373 0.0067 0.1604 0.107 0.0856 0.0598 0.0204 0.1163 0.0884 0.0727 0.0498 0.0967 0.0844 0.0787 0.0986 0.1029 0.1357
-6.000 -1.000 36 0.0576 0.06 0.0647 0.0632 0.0689 0.0762 0.0637 0.0752 0.0812 0.1126 0.0543 0.0794 0.0894 0.1073 0.1686 0.0272 0.0735 0.1029 0.1134 0.1407 0.1983 0.0 0.0483 0.1065 0.139 0.1408 0.1872 0.2048 0.0179 0.031 0.082 0.152 0.1647 0.177 0.2113 0.2086 0.04 0.0709 0.1244 0.175 0.1798 0.2035 0.2114 0.0855 0.1112 0.1528 0.1763 0.188 0.2073 0.1399 0.145 0.1545 0.1687 0.194 0.1746 0.1538 0.1528 0.1734 0.1767 0.1577 0.1635 0.1779 0.1719 0.192
-4.000 -1.000 30 0.0303 0.0322 0.0322 0.0382 0.0341 0.0427 0.042 0.0397 0.0431 0.0787 0.0404 0.042 0.0491 0.067 0.1283 0.0346 0.0321 0.0564 0.0648 0.0929 0.1489 0.0483 0.0 0.0559 0.0819 0.0824 0.131 0.1479 0.0674 0.0364 0.0435 0.0982 0.1017 0.1147 0.1494 0.1472 0.0737 0.0541 0.0949 0.1238 0.1181 0.1404 0.1479 0.0891 0.0892 0.1248 0.1318 0.1311 0.1456 0.1166 0.1165 0.1321 0.1315 0.1443 0.133 0.1257 0.1304 0.1416 0.1318 0.1281 0.1415 0.1338 0.143 0.1506
-2.000 -1.000 24 0.0111 0.0124 0.0117 0.0156 0.0134 0.0244 0.0252 0.0148 0.02 0.0572 0.0426 0.0181 0.0162 0.0328 0.0939 0.0728 0.0256 0.0151 0.0196 0.0506 0.105 0.1065 0.0559 0.0 0.0213 0.026 0.0807 0.0975 0.1313 0.0941 0.0466 0.0301 0.0303 0.0524 0.091 0.0908 0.132 0.0927 0.0644 0.0466 0.0427 0.0734 0.0851 0.1329 0.1006 0.0747 0.0504 0.054 0.0756 0.1381 0.1018 0.0693 0.0518 0.068 0.1276 0.09 0.064 0.0648 0.1112 0.0832 0.0736 0.1026 0.0906 0.1158
0.000 -1.000 18 0.0103 0.0083 0.0172 0.0093 0.0118 0.0357 0.0168 0.0089 0.0194 0.0652 0.0393 0.0132 0.0079 0.0278 0.0912 0.0854 0.033 0.0072 0.0065 0.0458 0.0967 0.139 0.0819 0.0213 0.0 0.0143 0.0754 0.0888 0.1742 0.1316 0.0682 0.0124 0.0074 0.0417 0.0809 0.0799 0.1711 0.1167 0.0478 0.0134 0.0229 0.0626 0.0746 0.1569 0.088 0.0324 0.0184 0.0408 0.0685 0.1265 0.0569 0.0241 0.027 0.0572 0.0845 0.037 0.0246 0.0458 0.0553 0.0319 0.0418 0.0466 0.0497 0.065
2.000 -1.000 24 0.0461 0.0337 0.0579 0.0243 0.0418 0.0783 0.0216 0.0273 0.0503 0.0878 0.0378 0.0217 0.0267 0.045 0.0825 0.0819 0.0349 0.0178 0.019 0.0391 0.0666 0.1408 0.0824 0.026 0.0143 0.0 0.0526 0.0529 0.1837 0.1383 0.0711 0.0213 0.018 0.0345 0.0556 0.0475 0.1772 0.1172 0.0472 0.0243 0.0355 0.0559 0.0522 0.1478 0.0755 0.0331 0.0355 0.0539 0.0579 0.1014 0.0442 0.0339 0.0488 0.0653 0.0593 0.0353 0.0442 0.0708 0.0442 0.0462 0.0682 0.0511 0.0747 0.092
4.000 -1.000 30 0.1005 0.101 0.1063 0.0945 0.1075 0.105 0.0855 0.0974 0.1044 0.0848 0.0907 0.0827 0.0914 0.0787 0.0346 0.1284 0.0878 0.0777 0.0778 0.0313 0.0091 0.1872 0.131 0.0807 0.0754 0.0526 0.0 0.0039 0.2328 0.1867 0.1198 0.0757 0.0692 0.0257 0.007 0.0032 0.2224 0.1614 0.0942 0.0737 0.0548 0.019 0.0062 0.1844 0.1147 0.0776 0.0665 0.0395 0.0135 0.1317 0.0834 0.0693 0.0568 0.0295 0.092 0.0715 0.0664 0.0579 0.0787 0.0754 0.0812 0.0876 0.0997 0.1289
6.000 -1.000 36 0.0864 0.1022 0.0899 0.1112 0.109 0.0918 0.1092 0.1152 0.1108 0.0634 0.1099 0.1026 0.1057 0.0758 0.0159 0.1447 0.1056 0.0948 0.087 0.0265 0.001 0.2048 0.1479 0.0975 0.0888 0.0529 0.0039 0.0 0.25 0.2015 0.1319 0.0868 0.0725 0.0193 0.0008 0.0001 0.2323 0.1683 0.0993 0.0737 0.0418 0.0056 0.0003 0.1859 0.114 0.0736 0.0528 0.0181 0.0017 0.1228 0.0735 0.0525 0.0353 0.0088 0.0776 0.055 0.0493 0.0305 0.0637 0.0637 0.0599 0.0822 0.088 0.1266
-7.000 0.000 42 0.0826 0.0841 0.0954 0.087 0.0991 0.1108 0.0881 0.1054 0.1166 0.1551 0.0738 0.111 0.1263 0.1477 0.212 0.0447 0.0978 0.1356 0.1541 0.1863 0.2438 0.0179 0.0674 0.1313 0.1742 0.1837 0.2328 0.25 0.0 0.04 0.0977 0.1738 0.1969 0.2116 0.2485 0.2465 0.0248 0.0807 0.1345 0.1852 0.1953 0.2219 0.2327 0.0726 0.1267 0.1589 0.175 0.1885 0.2112 0.1367 0.1682 0.1688 0.1706 0.1913 0.1814 0.1797 0.1718 0.1794 0.1892 0.1857 0.1882 0.1939 0.2034 0.2116
-5.000 0.000 36 0.0725 0.0753 0.0761 0.0795 0.079 0.0913 0.0816 0.0835 0.0932 0.1344 0.0736 0.0845 0.0989 0.1184 0.1809 0.0483 0.072 0.1044 0.1191 0.1496 0.2033 0.031 0.0364 0.0941 0.1316 0.1383 0.1867 0.2015 0.04 0.0 0.0541 0.1288 0.1465 0.1606 0.1967 0.1938 0.0382 0.038 0.0901 0.1388 0.1464 0.1726 0.1824 0.0629 0.0773 0.1116 0.1302 0.1441 0.1656 0.1068 0.106 0.1148 0.1232 0.1469 0.1301 0.1157 0.1132 0.1291 0.1337 0.1189 0.1258 0.1344 0.1348 0.1503
-3.000 0.000 30 0.0431 0.0499 0.0465 0.055 0.048 0.0609 0.0638 0.0554 0.0561 0.0954 0.0735 0.0597 0.0594 0.0676 0.1269 0.0767 0.0559 0.0615 0.0642 0.0921 0.1411 0.082 0.0435 0.0466 0.0682 0.0711 0.1198 0.1319 0.0977 0.0541 0.0 0.0644 0.0728 0.088 0.1239 0.1206 0.0878 0.0402 0.0475 0.0776 0.079 0.1046 0.1132 0.0825 0.0558 0.0731 0.0778 0.0857 0.1038 0.0913 0.0739 0.0759 0.0745 0.0926 0.0931 0.0771 0.0735 0.0853 0.0876 0.0765 0.086 0.0885 0.0915 0.1024
-1.000 0.000 24 0.0169 0.0187 0.0211 0.0269 0.0193 0.0382 0.0439 0.022 0.0252 0.0682 0.0759 0.0339 0.0184 0.0333 0.0944 0.1197 0.0584 0.0213 0.0158 0.0511 0.0981 0.152 0.0982 0.0301 0.0124 0.0213 0.0757 0.0868 0.1738 0.1288 0.0644 0.0 0.0134 0.0401 0.079 0.0769 0.1561 0.099 0.0354 0.0154 0.023 0.0558 0.067 0.1337 0.0716 0.031 0.0201 0.034 0.0559 0.1072 0.0523 0.0269 0.0246 0.0461 0.0759 0.0391 0.0271 0.0374 0.0564 0.0361 0.0383 0.0494 0.0527 0.0684
1.000 0.000 24 0.0258 0.0177 0.0402 0.0151 0.0243 0.0663 0.0238 0.0159 0.0364 0.0934 0.0535 0.0201 0.0157 0.0443 0.104 0.1104 0.0461 0.0139 0.0143 0.0577 0.0884 0.1647 0.1017 0.0303 0.0074 0.018 0.0692 0.0725 0.1969 0.1465 0.0728 0.0134 0.0 0.0355 0.0685 0.0629 0.1729 0.1094 0.038 0.0086 0.0159 0.0497 0.0572 0.1368 0.0643 0.0193 0.0134 0.0323 0.0509 0.0884 0.0329 0.015 0.0227 0.0475 0.0482 0.021 0.0195 0.0436 0.0314 0.0246 0.04 0.0345 0.0467 0.0653
3.000 0.000 30 0.0985 0.0788 0.1108 0.059 0.0894 0.1255 0.0496 0.0621 0.0974 0.1174 0.0637 0.0476 0.0629 0.0855 0.0719 0.1176 0.0634 0.0457 0.0559 0.0526 0.034 0.177 0.1147 0.0524 0.0417 0.0345 0.0257 0.0193 0.2116 0.1606 0.088 0.0401 0.0355 0.0 0.019 0.0127 0.1867 0.1238 0.0575 0.0373 0.0248 0.0182 0.0158 0.1455 0.0765 0.0407 0.0342 0.0258 0.0206 0.0891 0.0446 0.0358 0.0353 0.0318 0.0543 0.0372 0.0406 0.0485 0.0454 0.046 0.0621 0.0575 0.0774 0.0999
5.000 0.000 36 0.1108 0.1167 0.1131 0.1103 0.1214 0.1128 0.0993 0.1116 0.1207 0.0791 0.1054 0.0964 0.1078 0.0853 0.0248 0.1496 0.1011 0.0872 0.087 0.0356 0.0039 0.2113 0.1494 0.091 0.0809 0.0556 0.007 0.0008 0.2485 0.1967 0.1239 0.079 0.0685 0.019 0.0 0.0003 0.2166 0.1527 0.0865 0.0641 0.0377 0.0056 0.0007 0.1659 0.0965 0.06 0.0445 0.0184 0.0028 0.104 0.0614 0.047 0.035 0.0118 0.0665 0.0501 0.0493 0.0361 0.059 0.0633 0.0638 0.0813 0.0901 0.1278
7.000 0.000 42 0.0859 0.1033 0.0866 0.1086 0.1066 0.0864 0.103 0.1098 0.1052 0.0579 0.1062 0.0985 0.1035 0.0706 0.0126 0.1466 0.1013 0.088 0.0813 0.0233 0.0007 0.2086 0.1472 0.0908 0.0799 0.0475 0.0032 0.0001 0.2465 0.1938 0.1206 0.0769 0.0629 0.0127 0.0003 0.0 0.2106 0.1463 0.0806 0.0581 0.0298 0.0026 0.0 0.1541 0.0859 0.0509 0.0357 0.0114 0.0005 0.0889 0.0501 0.0386 0.0286 0.005 0.056 0.0457 0.0472 0.0223 0.0595 0.0673 0.05 0.0934 0.0794 0.1218
-6.000 1.000 36 0.1096 0.113 0.1156 0.1164 0.1194 0.1355 0.118 0.1236 0.1381 0.1837 0.1037 0.126 0.1435 0.1663 0.2281 0.0711 0.1097 0.1503 0.1661 0.1915 0.2445 0.04 0.0737 0.132 0.1711 0.1772 0.2224 0.2323 0.0248 0.0382 0.0878 0.1561 0.1729 0.1867 0.2166 0.2106 0.0 0.0629 0.1151 0.1582 0.1618 0.1831 0.1902 0.0479 0.1045 0.1361 0.1456 0.1529 0.1717 0.1097 0.1363 0.1398 0.1405 0.1592 0.1435 0.1477 0.1427 0.1508 0.1534 0.1514 0.1584 0.1566 0.1683 0.1736
-4.000 1.000 30 0.094 0.0965 0.1002 0.0997 0.1024 0.1174 0.1041 0.1062 0.114 0.1529 0.1007 0.1048 0.1152 0.1258 0.1811 0.0811 0.0904 0.1134 0.1189 0.1385 0.1866 0.0709 0.0541 0.0927 0.1167 0.1172 0.1614 0.1683 0.0807 0.038 0.0402 0.099 0.1094 0.1238 0.1527 0.1463 0.0629 0.0 0.0558 0.0962 0.0989 0.1215 0.1287 0.048 0.039 0.0709 0.0827 0.0923 0.1121 0.068 0.0651 0.0713 0.0767 0.0988 0.0825 0.0721 0.0706 0.084 0.083 0.0753 0.0847 0.0851 0.0921 0.103
-2.000 1.000 24 0.0588 0.0657 0.0547 0.0782 0.0605 0.0673 0.0994 0.069 0.0572 0.0937 0.1213 0.0851 0.0587 0.0576 0.1165 0.129 0.0982 0.0658 0.0485 0.0699 0.1171 0.1244 0.0949 0.0644 0.0478 0.0472 0.0942 0.0993 0.1345 0.0901 0.0475 0.0354 0.038 0.0575 0.0865 0.0806 0.1151 0.0558 0.0 0.031 0.0348 0.0605 0.0683 0.0915 0.033 0.0236 0.0291 0.0391 0.0586 0.0698 0.0316 0.0275 0.0302 0.0518 0.0524 0.032 0.0301 0.0402 0.0433 0.0351 0.042 0.0448 0.0489 0.0662
0.000 1.000 18 0.0223 0.0227 0.0313 0.0309 0.024 0.0559 0.0543 0.0256 0.0319 0.0894 0.0997 0.0413 0.0202 0.0419 0.11 0.1551 0.078 0.0265 0.0174 0.0622 0.0987 0.175 0.1238 0.0466 0.0134 0.0243 0.0737 0.0737 0.1852 0.1388 0.0776 0.0154 0.0086 0.0373 0.0641 0.0581 0.1582 0.0962 0.031 0.0 0.0134 0.0438 0.0511 0.1195 0.0509 0.0115 0.0065 0.0222 0.0429 0.074 0.0249 0.0085 0.0125 0.0372 0.0402 0.0158 0.0123 0.0304 0.0274 0.0177 0.03 0.0289 0.0394 0.054
2.000 1.000 24 0.0638 0.0424 0.086 0.0312 0.055 0.12 0.0364 0.0341 0.0729 0.1346 0.0692 0.033 0.0373 0.0814 0.1088 0.1334 0.0603 0.0281 0.0391 0.0754 0.0658 0.1798 0.1181 0.0427 0.0229 0.0355 0.0548 0.0418 0.1953 0.1464 0.079 0.023 0.0159 0.0248 0.0377 0.0298 0.1618 0.0989 0.0348 0.0134 0.0 0.0258 0.0278 0.1173 0.0505 0.0171 0.0099 0.0148 0.0275 0.066 0.0242 0.013 0.0148 0.0304 0.033 0.018 0.0186 0.0354 0.0259 0.0266 0.0394 0.0368 0.0534 0.0777
4.000 1.000 30 0.1346 0.1167 0.1431 0.0918 0.1262 0.1413 0.078 0.0948 0.1323 0.1136 0.0933 0.0758 0.0947 0.1054 0.0498 0.1489 0.088 0.071 0.0822 0.0574 0.0155 0.2035 0.1404 0.0734 0.0626 0.0559 0.019 0.0056 0.2219 0.1726 0.1046 0.0558 0.0497 0.0182 0.0056 0.0026 0.1831 0.1215 0.0605 0.0438 0.0258 0.0 0.0028 0.1332 0.069 0.0393 0.0307 0.0126 0.0047 0.0785 0.0417 0.0324 0.0284 0.0138 0.0486 0.0379 0.0409 0.037 0.0484 0.0551 0.0603 0.0731 0.0845 0.1203
6.000 1.000 36 0.1081 0.1188 0.1062 0.1128 0.1195 0.1028 0.0973 0.1103 0.1163 0.069 0.1048 0.0933 0.1047 0.0817 0.0177 0.154 0.1 0.0863 0.0884 0.0319 0.002 0.2114 0.1479 0.0851 0.0746 0.0522 0.0062 0.0003 0.2327 0.1824 0.1132 0.067 0.0572 0.0158 0.0007 0.0 0.1902 0.1287 0.0683 0.0511 0.0278 0.0028 0.0 0.1353 0.0726 0.0441 0.034 0.0121 0.0007 0.0793 0.0459 0.0382 0.0308 0.006 0.0559 0.0494 0.0509 0.0261 0.0649 0.0714 0.0531 0.0976 0.0825 0.1254
-5.000 2.000 30 0.1299 0.1319 0.1379 0.1357 0.1407 0.1584 0.139 0.1433 0.1559 0.1919 0.132 0.1436 0.1563 0.1663 0.2171 0.1069 0.1256 0.1576 0.1577 0.1732 0.2137 0.0855 0.0891 0.1329 0.1569 0.1478 0.1844 0.1859 0.0726 0.0629 0.0825 0.1337 0.1368 0.1455 0.1659 0.1541 0.0479 0.048 0.0915 0.1195 0.1173 0.1332 0.1353 0.0 0.068 0.0977 0.1014 0.1043 0.1218 0.0567 0.0875 0.094 0.0949 0.1138 0.0843 0.0908 0.0937 0.1077 0.0895 0.0911 0.1049 0.0913 0.1085 0.1097
-3.000 2.000 24 0.1129 0.1194 0.1087 0.1286 0.1143 0.1152 0.1396 0.1213 0.1086 0.1347 0.1369 0.1306 0.1107 0.1006 0.1504 0.1187 0.1251 0.114 0.0903 0.1043 0.1421 0.1112 0.0892 0.1006 0.088 0.0755 0.1147 0.114 0.1267 0.0773 0.0558 0.0716 0.0643 0.0765 0.0965 0.0859 0.1045 0.039 0.033 0.0509 0.0505 0.069 0.0726 0.068 0.0 0.0316 0.0376 0.0439 0.0637 0.0394 0.0233 0.031 0.0351 0.057 0.0359 0.0306 0.0338 0.05 0.0369 0.0368 0.0477 0.0429 0.0531 0.0612
-1.000 2.000 18 0.0481 0.0584 0.0472 0.0778 0.0491 0.0639 0.1096 0.0622 0.0471 0.0927 0.1526 0.0875 0.0446 0.0476 0.1147 0.1654 0.119 0.0601 0.0318 0.0661 0.101 0.1528 0.1248 0.0747 0.0324 0.0331 0.0776 0.0736 0.1589 0.1116 0.0731 0.031 0.0193 0.0407 0.06 0.0509 0.1361 0.0709 0.0236 0.0115 0.0171 0.0393 0.0441 0.0977 0.0316 0.0 0.0085 0.0195 0.0411 0.0537 0.0131 0.0067 0.0122 0.0365 0.0285 0.0112 0.0121 0.0296 0.0218 0.0165 0.0307 0.0255 0.0384 0.051
1.000 2.000 18 0.037 0.028 0.0567 0.0314 0.0352 0.0924 0.0538 0.0283 0.0511 0.126 0.1051 0.0428 0.027 0.0668 0.1231 0.1641 0.0846 0.0285 0.0297 0.0796 0.0835 0.1763 0.1318 0.0504 0.0184 0.0355 0.0665 0.0528 0.175 0.1302 0.0778 0.0201 0.0134 0.0342 0.0445 0.0357 0.1456 0.0827 0.0291 0.0065 0.0099 0.0307 0.034 0.1014 0.0376 0.0085 0.0 0.0148 0.0351 0.0527 0.0157 0.0047 0.0073 0.0323 0.0264 0.0108 0.0094 0.0272 0.0207 0.0177 0.0288 0.0297 0.0416 0.0641
3.000 2.000 24 0.1128 0.079 0.1336 0.0563 0.0955 0.1578 0.0552 0.0611 0.1116 0.1482 0.0878 0.0521 0.0656 0.111 0.0867 0.1534 0.0772 0.0464 0.0657 0.0804 0.0373 0.188 0.1311 0.054 0.0408 0.0539 0.0395 0.0181 0.1885 0.1441 0.0857 0.034 0.0323 0.0258 0.0184 0.0114 0.1529 0.0923 0.0391 0.0222 0.0148 0.0126 0.0121 0.1043 0.0439 0.0195 0.0148 0.0 0.0138 0.0561 0.0246 0.0178 0.0147 0.0165 0.035 0.0251 0.0265 0.0297 0.0358 0.0407 0.0461 0.0584 0.0686 0.1018
5.000 2.000 30 0.1356 0.1284 0.1376 0.1023 0.1324 0.1336 0.0858 0.1022 0.1334 0.0937 0.101 0.0812 0.1004 0.1027 0.0313 0.1604 0.0941 0.0752 0.0901 0.0491 0.0067 0.2073 0.1456 0.0756 0.0685 0.0579 0.0135 0.0017 0.2112 0.1656 0.1038 0.0559 0.0509 0.0206 0.0028 0.0005 0.1717 0.1121 0.0586 0.0429 0.0275 0.0047 0.0007 0.1218 0.0637 0.0411 0.0351 0.0138 0.0 0.0749 0.0468 0.0414 0.0334 0.0068 0.0598 0.0534 0.0522 0.0281 0.0716 0.0752 0.0543 0.1016 0.0848 0.1276
-4.000 3.000 24 0.1546 0.1589 0.1531 0.1635 0.1579 0.1572 0.1679 0.1646 0.1518 0.1683 0.1632 0.1665 0.1538 0.1372 0.1752 0.147 0.1519 0.1593 0.1269 0.1316 0.1604 0.1399 0.1166 0.1381 0.1265 0.1014 0.1317 0.1228 0.1367 0.1068 0.0913 0.1072 0.0884 0.0891 0.104 0.0889 0.1097 0.068 0.0698 0.074 0.066 0.0785 0.0793 0.0567 0.0394 0.0537 0.0527 0.0561 0.0749 0.0 0.0359 0.0433 0.0459 0.068 0.0257 0.037 0.0437 0.062 0.0333 0.0424 0.0627 0.0414 0.0598 0.0598
-2.000 3.000 18 0.0926 0.1084 0.0815 0.1316 0.0895 0.0865 0.1548 0.1075 0.0762 0.107 0.1651 0.1345 0.0792 0.0664 0.1253 0.1512 0.1431 0.0963 0.0545 0.0777 0.107 0.145 0.1165 0.1018 0.0569 0.0442 0.0834 0.0735 0.1682 0.106 0.0739 0.0523 0.0329 0.0446 0.0614 0.0501 0.1363 0.0651 0.0316 0.0249 0.0242 0.0417 0.0459 0.0875 0.0233 0.0131 0.0157 0.0246 0.0468 0.0359 0.0 0.0112 0.0174 0.0433 0.0153 0.0096 0.0166 0.0367 0.0153 0.0181 0.0374 0.0234 0.0419 0.0493
0.000 3.000 12 0.0357 0.0401 0.0444 0.0581 0.0371 0.0739 0.0986 0.0442 0.0431 0.1131 0.1511 0.0718 0.0324 0.0564 0.122 0.1708 0.1195 0.0451 0.0273 0.0752 0.0856 0.1545 0.1321 0.0693 0.0241 0.0339 0.0693 0.0525 0.1688 0.1148 0.0759 0.0269 0.015 0.0358 0.047 0.0386 0.1398 0.0713 0.0275 0.0085 0.013 0.0324 0.0382 0.094 0.031 0.0067 0.0047 0.0178 0.0414 0.0433 0.0112 0.0 0.0094 0.0387 0.0215 0.0066 0.0076 0.029 0.0167 0.0125 0.0282 0.0238 0.037 0.0535
2.000 3.000 18 0.0667 0.0441 0.0956 0.0376 0.0573 0.1385 0.0551 0.0386 0.0803 0.1539 0.1079 0.0456 0.041 0.0963 0.112 0.1673 0.0866 0.0342 0.0474 0.0894 0.0598 0.1687 0.1315 0.0518 0.027 0.0488 0.0568 0.0353 0.1706 0.1232 0.0745 0.0246 0.0227 0.0353 0.035 0.0286 0.1405 0.0767 0.0302 0.0125 0.0148 0.0284 0.0308 0.0949 0.0351 0.0122 0.0073 0.0147 0.0334 0.0459 0.0174 0.0094 0.0 0.0297 0.0288 0.0175 0.0123 0.021 0.0296 0.0274 0.028 0.0464 0.0501 0.083
4.000 3.000 24 0.1414 0.1057 0.1581 0.0764 0.1213 0.1628 0.0706 0.0812 0.1357 0.1313 0.1032 0.0676 0.0851 0.1203 0.0583 0.1709 0.0923 0.0619 0.0848 0.0737 0.0204 0.194 0.1443 0.068 0.0572 0.0653 0.0295 0.0088 0.1913 0.1469 0.0926 0.0461 0.0475 0.0318 0.0118 0.005 0.1592 0.0988 0.0518 0.0372 0.0304 0.0138 0.006 0.1138 0.057 0.0365 0.0323 0.0165 0.0068 0.068 0.0433 0.0387 0.0297 0.0 0.058 0.0505 0.0452 0.021 0.0674 0.0655 0.0453 0.0933 0.0752 0.1173
-3.000 4.000 18 0.1395 0.1531 0.1208 0.1702 0.1332 0.1152 0.1859 0.1488 0.1094 0.1248 0.1823 0.1675 0.1173 0.0887 0.1369 0.1675 0.1661 0.1308 0.0792 0.0917 0.1163 0.1746 0.133 0.1276 0.0845 0.0593 0.092 0.0776 0.1814 0.1301 0.0931 0.0759 0.0482 0.0543 0.0665 0.056 0.1435 0.0825 0.0524 0.0402 0.033 0.0486 0.0559 0.0843 0.0359 0.0285 0.0264 0.035 0.0598 0.0257 0.0153 0.0215 0.0288 0.058 0.0 0.0153 0.0255 0.0493 0.0112 0.0233 0.0488 0.0218 0.049 0.047
-1.000 4.000 12 0.0585 0.0755 0.0538 0.1037 0.0579 0.0731 0.1423 0.0779 0.0515 0.1072 0.1739 0.1117 0.051 0.0547 0.1226 0.1603 0.1403 0.0727 0.0348 0.0752 0.0884 0.1538 0.1257 0.09 0.037 0.0353 0.0715 0.055 0.1797 0.1157 0.0771 0.0391 0.021 0.0372 0.0501 0.0457 0.1477 0.0721 0.032 0.0158 0.018 0.0379 0.0494 0.0908 0.0306 0.0112 0.0108 0.0251 0.0534 0.037 0.0096 0.0066 0.0175 0.0505 0.0153 0.0 0.0125 0.0392 0.0099 0.0103 0.0357 0.0168 0.037 0.0454
1.000 4.000 12 0.0418 0.0351 0.0641 0.0467 0.0403 0.1069 0.0844 0.0375 0.0573 0.143 0.1448 0.0625 0.0328 0.0783 0.1225 0.1703 0.1121 0.0393 0.0362 0.0892 0.0727 0.1528 0.1304 0.064 0.0246 0.0442 0.0664 0.0493 0.1718 0.1132 0.0735 0.0271 0.0195 0.0406 0.0493 0.0472 0.1427 0.0706 0.0301 0.0123 0.0186 0.0409 0.0509 0.0937 0.0338 0.0121 0.0094 0.0265 0.0522 0.0437 0.0166 0.0076 0.0123 0.0452 0.0255 0.0125 0.0 0.028 0.0238 0.0153 0.0216 0.0345 0.0362 0.065
3.000 4.000 18 0.1101 0.0732 0.1413 0.0562 0.0921 0.1745 0.0666 0.0601 0.1173 0.1651 0.119 0.0598 0.0658 0.1258 0.099 0.1779 0.0987 0.0506 0.0744 0.0983 0.0498 0.1734 0.1416 0.0648 0.0458 0.0708 0.0579 0.0305 0.1794 0.1291 0.0853 0.0374 0.0436 0.0485 0.0361 0.0223 0.1508 0.084 0.0402 0.0304 0.0354 0.037 0.0261 0.1077 0.05 0.0296 0.0272 0.0297 0.0281 0.062 0.0367 0.029 0.021 0.021 0.0493 0.0392 0.028 0.0 0.0562 0.048 0.023 0.0768 0.0541 0.0961
-2.000 5.000 12 0.0959 0.1185 0.0793 0.1491 0.0905 0.0848 0.1758 0.1153 0.0716 0.1116 0.1821 0.1491 0.0777 0.0645 0.1274 0.1692 0.1589 0.1012 0.05 0.0816 0.0967 0.1767 0.1318 0.1112 0.0553 0.0442 0.0787 0.0637 0.1892 0.1337 0.0876 0.0564 0.0314 0.0454 0.059 0.0595 0.1534 0.083 0.0433 0.0274 0.0259 0.0484 0.0649 0.0895 0.0369 0.0218 0.0207 0.0358 0.0716 0.0333 0.0153 0.0167 0.0296 0.0674 0.0112 0.0099 0.0238 0.0562 0.0 0.0168 0.0511 0.0123 0.0457 0.0399
0.000 5.000 6 0.044 0.0526 0.0541 0.0793 0.0453 0.0901 0.128 0.0573 0.0521 0.1331 0.1713 0.0933 0.0403 0.0708 0.1297 0.1642 0.1369 0.0576 0.0366 0.0886 0.0844 0.1577 0.1281 0.0832 0.0319 0.0462 0.0754 0.0637 0.1857 0.1189 0.0765 0.0361 0.0246 0.046 0.0633 0.0673 0.1514 0.0753 0.0351 0.0177 0.0266 0.0551 0.0714 0.0911 0.0368 0.0165 0.0177 0.0407 0.0752 0.0424 0.0181 0.0125 0.0274 0.0655 0.0233 0.0103 0.0153 0.048 0.0168 0.0 0.0362 0.0193 0.0295 0.0447
2.000 5.000 12 0.0742 0.0522 0.1072 0.0539 0.0664 0.1567 0.0869 0.0504 0.0921 0.1756 0.1511 0.0682 0.0529 0.1138 0.1287 0.1805 0.1191 0.0498 0.062 0.1114 0.0787 0.1635 0.1415 0.0736 0.0418 0.0682 0.0812 0.0599 0.1882 0.1258 0.086 0.0383 0.04 0.0621 0.0638 0.05 0.1584 0.0847 0.042 0.03 0.0394 0.0603 0.0531 0.1049 0.0477 0.0307 0.0288 0.0461 0.0543 0.0627 0.0374 0.0282 0.028 0.0453 0.0488 0.0357 0.0216 0.023 0.0511 0.0362 0.0 0.0643 0.0332 0.0742
-1.000 6.000 6 0.0672 0.0878 0.063 0.1226 0.0664 0.088 0.164 0.0897 0.0609 0.1303 0.1857 0.1289 0.0594 0.0701 0.1386 0.1699 0.1551 0.0833 0.0458 0.0944 0.0986 0.1779 0.1338 0.1026 0.0466 0.0511 0.0876 0.0822 0.1939 0.1344 0.0885 0.0494 0.0345 0.0575 0.0813 0.0934 0.1566 0.0851 0.0448 0.0289 0.0368 0.0731 0.0976 0.0913 0.0429 0.0255 0.0297 0.0584 0.1016 0.0414 0.0234 0.0238 0.0464 0.0933 0.0218 0.0168 0.0345 0.0768 0.0123 0.0193 0.0643 0.0 0.0447 0.0286
1.000 6.000 6 0.063 0.0594 0.0872 0.0776 0.0625 0.1376 0.1258 0.0639 0.0807 0.1769 0.1803 0.0952 0.0564 0.1081 0.1476 0.1776 0.1442 0.067 0.0612 0.1216 0.1029 0.1719 0.143 0.0906 0.0497 0.0747 0.0997 0.088 0.2034 0.1348 0.0915 0.0527 0.0467 0.0774 0.0901 0.0794 0.1683 0.0921 0.0489 0.0394 0.0534 0.0845 0.0825 0.1085 0.0531 0.0384 0.0416 0.0686 0.0848 0.0598 0.0419 0.037 0.0501 0.0752 0.049 0.037 0.0362 0.0541 0.0457 0.0295 0.0332 0.0447 0.0 0.0377
0.000 7.000 0 0.0739 0.0852 0.0888 0.1178 0.0759 0.1343 0.1674 0.0907 0.0878 0.1822 0.2 0.131 0.0719 0.1152 0.1743 0.1861 0.1673 0.091 0.0744 0.1366 0.1357 0.192 0.1506 0.1158 0.065 0.092 0.1289 0.1266 0.2116 0.1503 0.1024 0.0684 0.0653 0.0999 0.1278 0.1218 0.1736 0.103 0.0662 0.054 0.0777 0.1203 0.1254 0.1097 0.0612 0.051 0.0641 0.1018 0.1276 0.0598 0.0493 0.0535 0.083 0.1173 0.047 0.0454 0.065 0.0961 0.0399 0.0447 0.0742 0.0286 0.0377 0.0